AK400,1380.00,1380.00,1380.00,1380.00,1662.00,1674.00,1743.00,1908.00,2022.00,1677.00,1905.00,2034.00,2235.00,2352.00,1830.00,1998.00,2205.00,1671.00,1764.00,2070.00,2331.00,2400.00,2514.00,2556.00,2556.00,2556.00,2556.00
AK401,1455.00,1455.00,1455.00,1455.00,1758.00,1767.00,1773.00,2013.00,2133.00,1770.00,2010.00,2148.00,2340.00,2370.00,1929.00,2109.00,2331.00,1764.00,1854.00,2187.00,2361.00,2376.00,2397.00,2439.00,2439.00,2439.00,2439.00
AK402,1401.00,1401.00,1401.00,1401.00,1878.00,1887.00,1941.00,2022.00,2178.00,1890.00,1983.00,2199.00,2514.00,2613.00,1959.00,2136.00,2490.00,1884.00,1944.00,2262.00,2592.00,2652.00,2742.00,2793.00,2793.00,2793.00,2793.00
AK403,1248.00,1248.00,1248.00,1248.00,1536.00,1548.00,1635.00,1752.00,1881.00,1560.00,1731.00,1884.00,2073.00,2214.00,1659.00,1824.00,2037.00,1545.00,1638.00,1899.00,2187.00,2274.00,2409.00,2451.00,2451.00,2451.00,2451.00
AK404,1281.00,1281.00,1281.00,1281.00,1566.00,1575.00,1689.00,1833.00,1956.00,1581.00,1776.00,1959.00,2118.00,2295.00,1719.00,1896.00,2076.00,1572.00,1692.00,1962.00,2262.00,2370.00,2541.00,2586.00,2586.00,2586.00,2586.00
AK405,1098.00,1098.00,1098.00,1098.00,1500.00,1509.00,1572.00,1653.00,1773.00,1512.00,1605.00,1776.00,2013.00,2118.00,1590.00,1692.00,1986.00,1506.00,1575.00,1797.00,2097.00,2157.00,2256.00,2295.00,2295.00,2295.00,2295.00
AL001,708.00,708.00,708.00,708.00,819.00,906.00,933.00,1026.00,1092.00,927.00,1023.00,1098.00,1206.00,1212.00,975.00,1077.00,1203.00,885.00,963.00,1122.00,1209.00,1215.00,1218.00,1221.00,1221.00,1221.00,1221.00
AL002,906.00,906.00,906.00,906.00,969.00,1014.00,1062.00,1149.00,1275.00,1056.00,1128.00,1278.00,1305.00,1389.00,1110.00,1209.00,1302.00,1011.00,1098.00,1281.00,1386.00,1500.00,1623.00,1647.00,1647.00,1647.00,1647.00
AL003,1074.00,1074.00,1074.00,1074.00,1206.00,1284.00,1359.00,1494.00,1572.00,1341.00,1491.00,1581.00,1710.00,1716.00,1431.00,1554.00,1707.00,1281.00,1410.00,1611.00,1713.00,1719.00,1722.00,1731.00,1731.00,1731.00,1731.00
AL004,1134.00,1134.00,1134.00,1134.00,1221.00,1284.00,1395.00,1512.00,1518.00,1359.00,1509.00,1521.00,1551.00,1668.00,1500.00,1515.00,1527.00,1275.00,1464.00,1524.00,1644.00,1713.00,1824.00,1854.00,1854.00,1854.00,1854.00
AL005,1011.00,1011.00,1011.00,1011.00,1089.00,1140.00,1194.00,1257.00,1263.00,1185.00,1254.00,1266.00,1278.00,1338.00,1245.00,1260.00,1272.00,1137.00,1230.00,1269.00,1323.00,1356.00,1407.00,1428.00,1428.00,1428.00,1428.00
AL006,912.00,912.00,912.00,912.00,1008.00,1068.00,1125.00,1221.00,1338.00,1113.00,1209.00,1341.00,1365.00,1497.00,1179.00,1275.00,1362.00,1065.00,1164.00,1344.00,1470.00,1563.00,1710.00,1737.00,1737.00,1737.00,1737.00
AL007,1095.00,1095.00,1095.00,1095.00,1236.00,1332.00,1464.00,1617.00,1632.00,1419.00,1614.00,1635.00,1668.00,1674.00,1596.00,1629.00,1665.00,1320.00,1554.00,1641.00,1671.00,1677.00,1680.00,1689.00,1689.00,1689.00,1689.00
AR010,1038.00,1038.00,1038.00,1038.00,1194.00,1299.00,1386.00,1485.00,1491.00,1362.00,1482.00,1494.00,1512.00,1530.00,1470.00,1488.00,1506.00,1293.00,1443.00,1497.00,1521.00,1533.00,1539.00,1566.00,1566.00,1566.00,1566.00
AR012,657.00,657.00,657.00,657.00,753.00,861.00,933.00,1011.00,1077.00,873.00,966.00,1080.00,1170.00,1263.00,951.00,1044.00,1143.00,810.00,936.00,1083.00,1245.00,1302.00,1392.00,1413.00,1413.00,1413.00,1413.00
AR411,768.00,768.00,768.00,768.00,867.00,996.00,1053.00,1164.00,1221.00,1008.00,1161.00,1227.00,1341.00,1422.00,1116.00,1209.00,1323.00,927.00,1086.00,1251.00,1404.00,1545.00,1557.00,1569.00,1569.00,1569.00,1569.00
AZ013,1320.00,1320.00,1320.00,1320.00,1431.00,1503.00,1608.00,1758.00,1818.00,1578.00,1755.00,1824.00,1935.00,1983.00,1710.00,1806.00,1923.00,1497.00,1677.00,1848.00,1968.00,1995.00,2034.00,2070.00,2070.00,2070.00,2070.00
AZ014,936.00,936.00,936.00,936.00,963.00,1068.00,1089.00,1200.00,1281.00,1080.00,1197.00,1290.00,1428.00,1455.00,1137.00,1263.00,1419.00,984.00,1116.00,1320.00,1446.00,1458.00,1479.00,1503.00,1503.00,1503.00,1503.00
AZ015,1002.00,1002.00,1002.00,1002.00,1104.00,1284.00,1314.00,1503.00,1581.00,1299.00,1500.00,1587.00,1713.00,1719.00,1446.00,1563.00,1710.00,1167.00,1401.00,1617.00,1716.00,1722.00,1725.00,1734.00,1734.00,1734.00,1734.00
AZ016,822.00,822.00,822.00,822.00,909.00,1053.00,1083.00,1179.00,1263.00,1068.00,1176.00,1272.00,1413.00,1452.00,1116.00,1245.00,1401.00,963.00,1092.00,1302.00,1440.00,1461.00,1491.00,1515.00,1515.00,1515.00,1515.00
CA018,2688.00,2688.00,2688.00,2688.00,2952.00,3102.00,3234.00,3426.00,3507.00,3189.00,3423.00,3516.00,3657.00,3699.00,3366.00,3489.00,3645.00,3090.00,3321.00,3546.00,3687.00,3711.00,3747.00,3816.00,3816.00,3816.00,3816.00
CA019,3402.00,3402.00,3402.00,3402.00,3822.00,4149.00,4560.00,4995.00,5013.00,4383.00,4992.00,5016.00,5058.00,5067.00,4971.00,5010.00,5055.00,4098.00,4827.00,5025.00,5061.00,5070.00,5073.00,5151.00,5151.00,5151.00,5151.00
CA021,762.00,762.00,762.00,762.00,864.00,957.00,1065.00,1179.00,1293.00,972.00,1113.00,1296.00,1323.00,1452.00,1086.00,1230.00,1320.00,924.00,1068.00,1299.00,1425.00,1515.00,1650.00,1677.00,1677.00,1677.00,1677.00
CA022,1254.00,1254.00,1254.00,1254.00,1344.00,1401.00,1500.00,1632.00,1677.00,1470.00,1629.00,1683.00,1776.00,1854.00,1593.00,1668.00,1758.00,1395.00,1563.00,1701.00,1836.00,1881.00,1950.00,1983.00,1983.00,1983.00,1983.00
CA023,1125.00,1125.00,1125.00,1125.00,1320.00,1431.00,1476.00,1569.00,1629.00,1470.00,1566.00,1635.00,1737.00,1743.00,1518.00,1614.00,1734.00,1428.00,1506.00,1659.00,1740.00,1746.00,1749.00,1758.00,1758.00,1758.00,1758.00
CA024,2103.00,2103.00,2103.00,2103.00,2265.00,2391.00,2586.00,2877.00,2994.00,2502.00,2874.00,3006.00,3189.00,3195.00,2793.00,2967.00,3186.00,2352.00,2721.00,3045.00,3192.00,3198.00,3201.00,3240.00,3240.00,3240.00,3240.00
CA025,2145.00,2145.00,2145.00,2145.00,2400.00,2541.00,2616.00,2757.00,2847.00,2598.00,2754.00,2856.00,3003.00,3030.00,2688.00,2826.00,2997.00,2538.00,2667.00,2886.00,3021.00,3033.00,3051.00,3108.00,3108.00,3108.00,3108.00
CA026,1671.00,1671.00,1671.00,1671.00,1836.00,1944.00,2106.00,2295.00,2325.00,2046.00,2292.00,2328.00,2382.00,2391.00,2265.00,2319.00,2379.00,1929.00,2211.00,2340.00,2385.00,2394.00,2397.00,2418.00,2418.00,2418.00,2418.00
CA027,2685.00,2685.00,2685.00,2685.00,2919.00,3051.00,3144.00,3333.00,3483.00,3117.00,3330.00,3498.00,3726.00,3732.00,3231.00,3450.00,3723.00,3045.00,3204.00,3549.00,3729.00,3735.00,3738.00,3789.00,3789.00,3789.00,3789.00
CA028,1068.00,1068.00,1068.00,1068.00,1188.00,1260.00,1311.00,1401.00,1452.00,1302.00,1398.00,1458.00,1557.00,1632.00,1359.00,1440.00,1539.00,1257.00,1344.00,1476.00,1614.00,1656.00,1722.00,1752.00,1752.00,1752.00,1752.00
CA031,1839.00,1839.00,1839.00,1839.00,1953.00,2085.00,2238.00,2502.00,2607.00,2163.00,2499.00,2616.00,2778.00,2787.00,2430.00,2583.00,2775.00,2022.00,2364.00,2652.00,2781.00,2790.00,2793.00,2823.00,2823.00,2823.00,2823.00
CA032,948.00,948.00,948.00,948.00,1011.00,1059.00,1134.00,1251.00,1308.00,1113.00,1248.00,1317.00,1431.00,1512.00,1206.00,1296.00,1410.00,1053.00,1182.00,1338.00,1494.00,1542.00,1617.00,1644.00,1644.00,1644.00,1644.00
CA033,1689.00,1689.00,1689.00,1689.00,1830.00,1917.00,2016.00,2160.00,2214.00,1986.00,2157.00,2220.00,2313.00,2322.00,2112.00,2202.00,2310.00,1911.00,2082.00,2241.00,2316.00,2325.00,2328.00,2349.00,2349.00,2349.00,2349.00
CA034,1689.00,1689.00,1689.00,1689.00,1848.00,1953.00,2121.00,2316.00,2346.00,2058.00,2313.00,2349.00,2412.00,2433.00,2286.00,2340.00,2406.00,1938.00,2229.00,2364.00,2424.00,2436.00,2448.00,2493.00,2493.00,2493.00,2493.00
CA035,1320.00,1320.00,1320.00,1320.00,1539.00,1659.00,1692.00,1746.00,1776.00,1689.00,1743.00,1782.00,1848.00,1896.00,1713.00,1770.00,1836.00,1656.00,1707.00,1794.00,1884.00,1995.00,2013.00,2028.00,2028.00,2028.00,2028.00
CA036,2142.00,2142.00,2142.00,2142.00,2265.00,2355.00,2541.00,2736.00,2742.00,2472.00,2733.00,2745.00,2754.00,2760.00,2727.00,2739.00,2751.00,2337.00,2664.00,2748.00,2757.00,2763.00,2766.00,2781.00,2781.00,2781.00,2781.00
CA037,2256.00,2256.00,2256.00,2256.00,2517.00,2694.00,3024.00,3384.00,3414.00,2883.00,3381.00,3420.00,3477.00,3489.00,3354.00,3408.00,3474.00,2652.00,3237.00,3432.00,3480.00,3492.00,3495.00,3549.00,3549.00,3549.00,3549.00
CA038,2019.00,2019.00,2019.00,2019.00,2268.00,2460.00,2703.00,3003.00,3069.00,2604.00,3000.00,3078.00,3195.00,3234.00,2949.00,3054.00,3186.00,2430.00,2865.00,3102.00,3222.00,3240.00,3270.00,3330.00,3330.00,3330.00,3330.00
CA039,1818.00,1818.00,1818.00,1818.00,2157.00,2340.00,2505.00,2706.00,2895.00,2400.00,2616.00,2898.00,3150.00,3399.00,2547.00,2802.00,3087.00,2337.00,2508.00,2901.00,3357.00,3513.00,3762.00,3831.00,3831.00,3831.00,3831.00
CA041,1788.00,1788.00,1788.00,1788.00,1911.00,1989.00,2094.00,2235.00,2274.00,2064.00,2232.00,2277.00,2352.00,2370.00,2199.00,2265.00,2346.00,1983.00,2166.00,2295.00,2361.00,2373.00,2379.00,2421.00,2421.00,2421.00,2421.00
CA042,1101.00,1101.00,1101.00,1101.00,1200.00,1338.00,1431.00,1539.00,1671.00,1353.00,1536.00,1674.00,1812.00,1938.00,1473.00,1611.00,1782.00,1257.00,1440.00,1677.00,1914.00,2070.00,2109.00,2145.00,2145.00,2145.00,2145.00
CA044,3009.00,3009.00,3009.00,3009.00,3384.00,3609.00,3864.00,4239.00,4416.00,3759.00,4236.00,4434.00,4731.00,4830.00,4119.00,4380.00,4704.00,3579.00,4029.00,4494.00,4809.00,4869.00,4959.00,5052.00,5052.00,5052.00,5052.00
CA392,1554.00,1554.00,1554.00,1554.00,1773.00,2172.00,2202.00,2361.00,2565.00,2184.00,2358.00,2586.00,2904.00,2940.00,2226.00,2520.00,2892.00,1920.00,2205.00,2655.00,2928.00,2949.00,2979.00,3033.00,3033.00,3033.00,3033.00
CA393,1005.00,1005.00,1005.00,1005.00,1155.00,1473.00,1491.00,1524.00,1692.00,1488.00,1521.00,1710.00,1965.00,1974.00,1497.00,1656.00,1962.00,1269.00,1494.00,1767.00,1968.00,1977.00,1980.00,1992.00,1992.00,1992.00,1992.00
CA420,1068.00,1068.00,1068.00,1068.00,1188.00,1260.00,1320.00,1401.00,1416.00,1308.00,1398.00,1419.00,1464.00,1497.00,1380.00,1413.00,1455.00,1257.00,1362.00,1428.00,1485.00,1503.00,1527.00,1551.00,1551.00,1551.00,1551.00
CA457,1515.00,1515.00,1515.00,1515.00,1698.00,1803.00,1857.00,1938.00,1959.00,1848.00,1935.00,1962.00,2040.00,2175.00,1911.00,1956.00,2004.00,1800.00,1896.00,1974.00,2148.00,2232.00,2361.00,2403.00,2403.00,2403.00,2403.00
CO045,1500.00,1500.00,1500.00,1500.00,1638.00,1854.00,1956.00,2235.00,2322.00,1872.00,2232.00,2331.00,2472.00,2478.00,2169.00,2304.00,2469.00,1719.00,2097.00,2361.00,2475.00,2481.00,2484.00,2508.00,2508.00,2508.00,2508.00
CO046,1431.00,1431.00,1431.00,1431.00,1608.00,1713.00,1833.00,1965.00,1974.00,1794.00,1962.00,1977.00,1998.00,2016.00,1947.00,1971.00,1992.00,1704.00,1908.00,1980.00,2007.00,2019.00,2022.00,2055.00,2055.00,2055.00,2055.00
CO047,1413.00,1413.00,1413.00,1413.00,1491.00,1542.00,1626.00,1740.00,1779.00,1605.00,1737.00,1785.00,1872.00,1953.00,1704.00,1770.00,1851.00,1539.00,1680.00,1800.00,1935.00,1983.00,2058.00,2094.00,2094.00,2094.00,2094.00
CO422,1491.00,1491.00,1491.00,1491.00,1692.00,1950.00,1998.00,2262.00,2388.00,1962.00,2259.00,2400.00,2607.00,2652.00,2172.00,2361.00,2595.00,1803.00,2115.00,2445.00,2640.00,2664.00,2703.00,2751.00,2751.00,2751.00,2751.00
CT049,1248.00,1248.00,1248.00,1248.00,1335.00,1518.00,1533.00,1647.00,1788.00,1530.00,1644.00,1803.00,2022.00,2031.00,1548.00,1758.00,2019.00,1386.00,1536.00,1851.00,2025.00,2034.00,2037.00,2052.00,2052.00,2052.00,2052.00
CT050,1416.00,1416.00,1416.00,1416.00,1692.00,1851.00,1887.00,1977.00,2043.00,1884.00,1974.00,2052.00,2175.00,2229.00,1923.00,2031.00,2160.00,1848.00,1914.00,2076.00,2217.00,2247.00,2295.00,2334.00,2334.00,2334.00,2334.00
CT051,2184.00,2184.00,2184.00,2184.00,2559.00,2754.00,2769.00,2805.00,2874.00,2766.00,2802.00,2880.00,2994.00,3000.00,2775.00,2859.00,2991.00,2751.00,2772.00,2907.00,2997.00,3003.00,3006.00,3039.00,3039.00,3039.00,3039.00
DC053,2061.00,2061.00,2061.00,2061.00,2340.00,2493.00,2523.00,2580.00,2619.00,2520.00,2577.00,2625.00,2736.00,2907.00,2544.00,2610.00,2691.00,2490.00,2538.00,2640.00,2877.00,2982.00,3147.00,3204.00,3204.00,3204.00,3204.00
DE054,1248.00,1248.00,1248.00,1248.00,1437.00,1542.00,1605.00,1677.00,1683.00,1593.00,1674.00,1686.00,1701.00,1797.00,1668.00,1680.00,1692.00,1539.00,1650.00,1689.00,1779.00,1836.00,1926.00,1959.00,1959.00,1959.00,1959.00
FL056,1371.00,1371.00,1371.00,1371.00,1533.00,1626.00,1653.00,1692.00,1716.00,1650.00,1689.00,1719.00,1794.00,1902.00,1665.00,1710.00,1764.00,1623.00,1662.00,1731.00,1881.00,1947.00,2049.00,2085.00,2085.00,2085.00,2085.00
FL057,1230.00,1230.00,1230.00,1230.00,1368.00,1449.00,1464.00,1482.00,1515.00,1461.00,1479.00,1521.00,1614.00,1734.00,1470.00,1509.00,1584.00,1446.00,1467.00,1536.00,1713.00,1785.00,1902.00,1932.00,1932.00,1932.00,1932.00
FL058,1320.00,1320.00,1320.00,1320.00,1470.00,1557.00,1617.00,1707.00,1737.00,1605.00,1704.00,1743.00,1824.00,1908.00,1674.00,1731.00,1800.00,1554.00,1656.00,1758.00,1890.00,1941.00,2022.00,2055.00,2055.00,2055.00,2055.00
FL059,1479.00,1479.00,1479.00,1479.00,1596.00,1671.00,1758.00,1851.00,1857.00,1734.00,1848.00,1860.00,1875.00,1929.00,1839.00,1854.00,1866.00,1665.00,1812.00,1863.00,1914.00,1944.00,1992.00,2025.00,2025.00,2025.00,2025.00
FL061,1932.00,1932.00,1932.00,1932.00,2181.00,2319.00,2343.00,2421.00,2511.00,2340.00,2418.00,2523.00,2682.00,2742.00,2352.00,2493.00,2664.00,2316.00,2349.00,2553.00,2727.00,2760.00,2814.00,2862.00,2862.00,2862.00,2862.00
FL062,1455.00,1455.00,1455.00,1455.00,1701.00,1836.00,1881.00,1956.00,1983.00,1875.00,1953.00,1989.00,2043.00,2049.00,1926.00,1977.00,2040.00,1833.00,1914.00,2001.00,2046.00,2052.00,2055.00,2070.00,2070.00,2070.00,2070.00
FL063,1515.00,1515.00,1515.00,1515.00,1587.00,1635.00,1716.00,1827.00,1863.00,1695.00,1824.00,1869.00,1962.00,2073.00,1791.00,1857.00,1935.00,1632.00,1767.00,1884.00,2049.00,2115.00,2220.00,2259.00,2259.00,2259.00,2259.00
FL064,1191.00,1191.00,1191.00,1191.00,1335.00,1419.00,1461.00,1551.00,1608.00,1455.00,1548.00,1614.00,1719.00,1758.00,1503.00,1596.00,1707.00,1416.00,1491.00,1635.00,1746.00,1767.00,1797.00,1827.00,1827.00,1827.00,1827.00
FL065,1236.00,1236.00,1236.00,1236.00,1380.00,1467.00,1485.00,1497.00,1503.00,1482.00,1494.00,1506.00,1530.00,1671.00,1491.00,1500.00,1527.00,1464.00,1488.00,1509.00,1668.00,1851.00,1869.00,1893.00,1893.00,1893.00,1893.00
FL066,1542.00,1542.00,1542.00,1542.00,1731.00,1842.00,1962.00,2103.00,2115.00,1923.00,2100.00,2118.00,2148.00,2157.00,2082.00,2112.00,2145.00,1833.00,2043.00,2124.00,2151.00,2160.00,2163.00,2181.00,2181.00,2181.00,2181.00
FL067,1671.00,1671.00,1671.00,1671.00,1887.00,2013.00,2121.00,2238.00,2244.00,2085.00,2235.00,2247.00,2271.00,2337.00,2226.00,2241.00,2253.00,2004.00,2190.00,2250.00,2322.00,2361.00,2421.00,2463.00,2463.00,2463.00,2463.00
FL068,1221.00,1221.00,1221.00,1221.00,1353.00,1431.00,1482.00,1542.00,1548.00,1473.00,1539.00,1551.00,1560.00,1566.00,1530.00,1545.00,1557.00,1428.00,1515.00,1554.00,1563.00,1569.00,1572.00,1593.00,1593.00,1593.00,1593.00
FL069,2121.00,2121.00,2121.00,2121.00,2391.00,2547.00,2682.00,2925.00,3087.00,2637.00,2922.00,3102.00,3393.00,3576.00,2817.00,3051.00,3345.00,2535.00,2772.00,3156.00,3543.00,3657.00,3837.00,3906.00,3906.00,3906.00,3906.00
FL070,1275.00,1275.00,1275.00,1275.00,1431.00,1527.00,1641.00,1764.00,1770.00,1605.00,1761.00,1773.00,1782.00,1800.00,1752.00,1767.00,1779.00,1518.00,1716.00,1776.00,1788.00,1803.00,1812.00,1842.00,1842.00,1842.00,1842.00
FL423,1506.00,1506.00,1506.00,1506.00,1509.00,1527.00,1689.00,1860.00,1866.00,1629.00,1857.00,1869.00,1878.00,1884.00,1848.00,1863.00,1875.00,1512.00,1794.00,1872.00,1881.00,1887.00,1890.00,1914.00,1914.00,1914.00,1914.00
FL424,1398.00,1398.00,1398.00,1398.00,1491.00,1551.00,1623.00,1707.00,1713.00,1605.00,1704.00,1716.00,1749.00,1824.00,1689.00,1710.00,1728.00,1548.00,1668.00,1719.00,1809.00,1851.00,1920.00,1953.00,1953.00,1953.00,1953.00
GA071,1638.00,1638.00,1638.00,1638.00,1866.00,1998.00,2130.00,2289.00,2319.00,2085.00,2286.00,2322.00,2379.00,2385.00,2259.00,2313.00,2376.00,1986.00,2214.00,2334.00,2382.00,2388.00,2391.00,2412.00,2412.00,2412.00,2412.00
GA072,786.00,786.00,786.00,786.00,906.00,978.00,1011.00,1047.00,1101.00,1008.00,1044.00,1104.00,1143.00,1275.00,1035.00,1050.00,1140.00,975.00,1029.00,1107.00,1272.00,1443.00,1455.00,1464.00,1464.00,1464.00,1464.00
GA073,1224.00,1224.00,1224.00,1224.00,1341.00,1410.00,1434.00,1476.00,1509.00,1431.00,1473.00,1512.00,1578.00,1605.00,1443.00,1503.00,1572.00,1407.00,1440.00,1527.00,1596.00,1608.00,1626.00,1650.00,1650.00,1650.00,1650.00
GA074,1164.00,1164.00,1164.00,1164.00,1224.00,1269.00,1323.00,1395.00,1404.00,1314.00,1392.00,1407.00,1434.00,1455.00,1377.00,1401.00,1428.00,1266.00,1362.00,1410.00,1443.00,1458.00,1467.00,1488.00,1488.00,1488.00,1488.00
GA075,972.00,972.00,972.00,972.00,1080.00,1167.00,1182.00,1275.00,1380.00,1179.00,1272.00,1389.00,1554.00,1560.00,1200.00,1356.00,1551.00,1143.00,1194.00,1425.00,1557.00,1563.00,1566.00,1572.00,1572.00,1572.00,1572.00
GA076,996.00,996.00,996.00,996.00,1092.00,1149.00,1230.00,1314.00,1320.00,1209.00,1311.00,1323.00,1332.00,1389.00,1302.00,1317.00,1329.00,1146.00,1281.00,1326.00,1374.00,1563.00,1572.00,1584.00,1584.00,1584.00,1584.00
GA077,1209.00,1209.00,1209.00,1209.00,1311.00,1377.00,1470.00,1602.00,1653.00,1443.00,1599.00,1659.00,1746.00,1755.00,1557.00,1641.00,1743.00,1371.00,1530.00,1680.00,1749.00,1758.00,1761.00,1770.00,1770.00,1770.00,1770.00
GA079,1182.00,1182.00,1182.00,1182.00,1359.00,1554.00,1569.00,1605.00,1782.00,1566.00,1602.00,1800.00,2070.00,2076.00,1575.00,1743.00,2067.00,1458.00,1572.00,1860.00,2073.00,2079.00,2082.00,2097.00,2097.00,2097.00,2097.00
GA080,1122.00,1122.00,1122.00,1122.00,1260.00,1344.00,1431.00,1521.00,1527.00,1407.00,1518.00,1530.00,1539.00,1605.00,1512.00,1524.00,1536.00,1341.00,1485.00,1533.00,1590.00,1629.00,1689.00,1716.00,1716.00,1716.00,1716.00
GA081,954.00,954.00,954.00,954.00,996.00,1029.00,1059.00,1107.00,1131.00,1056.00,1104.00,1134.00,1203.00,1296.00,1080.00,1125.00,1179.00,1026.00,1074.00,1143.00,1278.00,1356.00,1419.00,1443.00,1443.00,1443.00,1443.00
HI407,2034.00,2034.00,2034.00,2034.00,2145.00,2544.00,2634.00,2967.00,3129.00,2556.00,2964.00,3144.00,3420.00,3537.00,2859.00,3093.00,3387.00,2196.00,2748.00,3198.00,3516.00,3588.00,3702.00,3771.00,3771.00,3771.00,3771.00
HI408,2118.00,2118.00,2118.00,2118.00,2412.00,2667.00,2829.00,3000.00,3006.00,2769.00,2997.00,3009.00,3048.00,3234.00,2991.00,3003.00,3015.00,2652.00,2937.00,3012.00,3201.00,3315.00,3498.00,3561.00,3561.00,3561.00,3561.00
HI409,1605.00,1605.00,1605.00,1605.00,1875.00,2058.00,2142.00,2268.00,2325.00,2118.00,2265.00,2331.00,2427.00,2442.00,2223.00,2313.00,2424.00,2052.00,2196.00,2352.00,2433.00,2445.00,2448.00,2484.00,2484.00,2484.00,2484.00
HI414,1872.00,1872.00,1872.00,1872.00,2058.00,2247.00,2451.00,2799.00,2871.00,2328.00,2796.00,2877.00,2994.00,3000.00,2742.00,2853.00,2991.00,2121.00,2640.00,2904.00,2997.00,3003.00,3006.00,3042.00,3042.00,3042.00,3042.00
IA082,951.00,951.00,951.00,951.00,1065.00,1269.00,1320.00,1452.00,1542.00,1284.00,1449.00,1551.00,1707.00,1770.00,1386.00,1524.00,1689.00,1140.00,1347.00,1584.00,1755.00,1791.00,1848.00,1878.00,1878.00,1878.00,1878.00
ID084,1239.00,1239.00,1239.00,1239.00,1344.00,1410.00,1431.00,1476.00,1533.00,1428.00,1473.00,1539.00,1638.00,1674.00,1437.00,1521.00,1629.00,1407.00,1434.00,1560.00,1662.00,1680.00,1707.00,1737.00,1737.00,1737.00,1737.00
ID086,1071.00,1071.00,1071.00,1071.00,1125.00,1368.00,1386.00,1569.00,1665.00,1383.00,1566.00,1674.00,1827.00,1848.00,1500.00,1644.00,1821.00,1158.00,1443.00,1707.00,1839.00,1851.00,1860.00,1893.00,1893.00,1893.00,1893.00
IL088,867.00,867.00,867.00,867.00,930.00,1014.00,1032.00,1146.00,1221.00,1026.00,1143.00,1230.00,1353.00,1377.00,1089.00,1206.00,1347.00,969.00,1071.00,1257.00,1368.00,1407.00,1416.00,1425.00,1425.00,1425.00,1425.00
IL089,1149.00,1149.00,1149.00,1149.00,1272.00,1419.00,1533.00,1674.00,1701.00,1497.00,1671.00,1704.00,1785.00,1902.00,1647.00,1695.00,1755.00,1410.00,1608.00,1716.00,1881.00,2058.00,2076.00,2097.00,2097.00,2097.00,2097.00
IL090,843.00,843.00,843.00,843.00,972.00,1284.00,1302.00,1320.00,1449.00,1296.00,1311.00,1467.00,1713.00,1737.00,1308.00,1416.00,1707.00,1068.00,1305.00,1521.00,1728.00,1740.00,1752.00,1782.00,1782.00,1782.00,1782.00
IL092,1302.00,1302.00,1302.00,1302.00,1401.00,1611.00,1683.00,1761.00,1884.00,1626.00,1716.00,1893.00,2169.00,2265.00,1698.00,1842.00,2145.00,1458.00,1686.00,1950.00,2244.00,2301.00,2391.00,2433.00,2433.00,2433.00,2433.00
IL093,1035.00,1035.00,1035.00,1035.00,1071.00,1101.00,1164.00,1263.00,1305.00,1152.00,1260.00,1311.00,1410.00,1503.00,1221.00,1296.00,1386.00,1098.00,1206.00,1329.00,1482.00,1599.00,1623.00,1647.00,1647.00,1647.00,1647.00
IL325,1683.00,1683.00,1683.00,1683.00,1740.00,1791.00,1926.00,2106.00,2166.00,1881.00,2103.00,2172.00,2277.00,2301.00,2058.00,2154.00,2271.00,1779.00,2016.00,2196.00,2292.00,2304.00,2316.00,2358.00,2358.00,2358.00,2358.00
IL335,741.00,741.00,741.00,741.00,807.00,1131.00,1149.00,1161.00,1251.00,1146.00,1158.00,1269.00,1509.00,1518.00,1155.00,1218.00,1506.00,852.00,1152.00,1320.00,1512.00,1521.00,1524.00,1527.00,1527.00,1527.00,1527.00
IN094,1083.00,1083.00,1083.00,1083.00,1266.00,1377.00,1443.00,1518.00,1524.00,1431.00,1515.00,1527.00,1536.00,1548.00,1506.00,1521.00,1533.00,1374.00,1488.00,1530.00,1539.00,1551.00,1569.00,1596.00,1596.00,1596.00,1596.00
IN097,993.00,993.00,993.00,993.00,1149.00,1158.00,1332.00,1539.00,1545.00,1254.00,1536.00,1548.00,1557.00,1605.00,1530.00,1542.00,1554.00,1155.00,1461.00,1551.00,1590.00,1647.00,1662.00,1689.00,1689.00,1689.00,1689.00
IN338,714.00,714.00,714.00,714.00,846.00,927.00,957.00,987.00,993.00,954.00,984.00,996.00,1005.00,1017.00,975.00,990.00,1002.00,924.00,969.00,999.00,1008.00,1137.00,1143.00,1149.00,1149.00,1149.00,1149.00
IN399,918.00,918.00,918.00,918.00,1020.00,1086.00,1173.00,1287.00,1380.00,1149.00,1284.00,1383.00,1440.00,1626.00,1257.00,1308.00,1437.00,1083.00,1230.00,1386.00,1623.00,1863.00,1878.00,1893.00,1893.00,1893.00,1893.00
KS100,876.00,876.00,876.00,876.00,936.00,981.00,1050.00,1158.00,1209.00,1032.00,1155.00,1215.00,1317.00,1377.00,1113.00,1197.00,1299.00,978.00,1095.00,1236.00,1362.00,1398.00,1452.00,1476.00,1476.00,1476.00,1476.00
KS101,801.00,801.00,801.00,801.00,912.00,1023.00,1038.00,1083.00,1188.00,1035.00,1080.00,1197.00,1362.00,1368.00,1044.00,1164.00,1359.00,975.00,1041.00,1233.00,1365.00,1395.00,1407.00,1416.00,1416.00,1416.00,1416.00
KS102,1122.00,1122.00,1122.00,1122.00,1281.00,1398.00,1497.00,1608.00,1620.00,1467.00,1605.00,1623.00,1650.00,1668.00,1590.00,1617.00,1644.00,1392.00,1560.00,1626.00,1659.00,1671.00,1677.00,1704.00,1704.00,1704.00,1704.00
KS105,828.00,828.00,828.00,828.00,876.00,1077.00,1095.00,1224.00,1302.00,1092.00,1221.00,1311.00,1437.00,1446.00,1167.00,1287.00,1434.00,906.00,1125.00,1338.00,1440.00,1449.00,1452.00,1458.00,1458.00,1458.00,1458.00
KY106,1098.00,1098.00,1098.00,1098.00,1245.00,1332.00,1362.00,1410.00,1437.00,1359.00,1407.00,1440.00,1518.00,1623.00,1380.00,1431.00,1491.00,1329.00,1374.00,1452.00,1602.00,1668.00,1767.00,1797.00,1797.00,1797.00,1797.00
KY107,969.00,969.00,969.00,969.00,1083.00,1152.00,1227.00,1326.00,1350.00,1209.00,1323.00,1353.00,1404.00,1419.00,1299.00,1347.00,1401.00,1149.00,1278.00,1365.00,1410.00,1422.00,1425.00,1443.00,1443.00,1443.00,1443.00
KY109,1080.00,1080.00,1080.00,1080.00,1227.00,1320.00,1446.00,1590.00,1605.00,1404.00,1587.00,1608.00,1665.00,1749.00,1566.00,1602.00,1644.00,1311.00,1527.00,1617.00,1731.00,1779.00,1857.00,1887.00,1887.00,1887.00,1887.00
KY110,804.00,804.00,804.00,804.00,900.00,1029.00,1095.00,1167.00,1248.00,1041.00,1125.00,1251.00,1392.00,1479.00,1110.00,1197.00,1368.00,957.00,1098.00,1254.00,1458.00,1512.00,1593.00,1617.00,1617.00,1617.00,1617.00
KY339,810.00,810.00,810.00,810.00,837.00,861.00,906.00,999.00,1113.00,888.00,948.00,1116.00,1152.00,1269.00,927.00,1041.00,1149.00,858.00,909.00,1119.00,1266.00,1413.00,1425.00,1434.00,1434.00,1434.00,1434.00
KY430,732.00,732.00,732.00,732.00,864.00,942.00,963.00,1005.00,1065.00,960.00,1002.00,1071.00,1185.00,1242.00,969.00,1053.00,1167.00,939.00,966.00,1095.00,1227.00,1320.00,1329.00,1338.00,1338.00,1338.00,1338.00
LA113,714.00,714.00,714.00,714.00,804.00,969.00,984.00,1002.00,1110.00,981.00,993.00,1113.00,1293.00,1371.00,990.00,1071.00,1287.00,858.00,987.00,1149.00,1368.00,1626.00,1641.00,1653.00,1653.00,1653.00,1653.00
LA114,1077.00,1077.00,1077.00,1077.00,1230.00,1323.00,1434.00,1587.00,1647.00,1398.00,1584.00,1653.00,1767.00,1842.00,1539.00,1635.00,1749.00,1314.00,1506.00,1674.00,1824.00,1866.00,1935.00,1965.00,1965.00,1965.00,1965.00
LA115,699.00,699.00,699.00,699.00,741.00,975.00,999.00,1056.00,1146.00,987.00,1053.00,1155.00,1305.00,1338.00,1005.00,1125.00,1296.00,771.00,1002.00,1188.00,1326.00,1344.00,1368.00,1389.00,1389.00,1389.00,1389.00
LA116,1104.00,1104.00,1104.00,1104.00,1236.00,1359.00,1464.00,1686.00,1731.00,1395.00,1683.00,1734.00,1830.00,1908.00,1647.00,1719.00,1809.00,1260.00,1584.00,1752.00,1893.00,1968.00,2010.00,2043.00,2043.00,2043.00,2043.00
LA117,1074.00,1074.00,1074.00,1074.00,1164.00,1356.00,1371.00,1509.00,1620.00,1368.00,1506.00,1632.00,1806.00,1812.00,1428.00,1596.00,1803.00,1218.00,1398.00,1671.00,1809.00,1815.00,1818.00,1830.00,1830.00,1830.00,1830.00
LA118,1032.00,1032.00,1032.00,1032.00,1170.00,1254.00,1326.00,1455.00,1533.00,1308.00,1452.00,1542.00,1668.00,1677.00,1395.00,1518.00,1665.00,1251.00,1374.00,1569.00,1671.00,1680.00,1683.00,1695.00,1695.00,1695.00,1695.00
LA326,903.00,903.00,903.00,903.00,1020.00,1104.00,1206.00,1329.00,1347.00,1176.00,1326.00,1350.00,1404.00,1467.00,1305.00,1344.00,1386.00,1098.00,1272.00,1359.00,1452.00,1488.00,1545.00,1569.00,1569.00,1569.00,1569.00
LA370,1125.00,1125.00,1125.00,1125.00,1224.00,1482.00,1500.00,1596.00,1740.00,1497.00,1593.00,1755.00,1977.00,1983.00,1506.00,1710.00,1974.00,1281.00,1503.00,1803.00,1980.00,1986.00,1989.00,2004.00,2004.00,2004.00,2004.00
LA371,732.00,732.00,732.00,732.00,828.00,969.00,999.00,1032.00,1122.00,981.00,1020.00,1134.00,1299.00,1338.00,1005.00,1101.00,1287.00,885.00,1002.00,1167.00,1326.00,1347.00,1380.00,1401.00,1401.00,1401.00,1401.00
MA119,2367.00,2367.00,2367.00,2367.00,2625.00,2961.00,3165.00,3459.00,3585.00,3087.00,3456.00,3600.00,3846.00,4050.00,3369.00,3558.00,3795.00,2940.00,3300.00,3642.00,4017.00,4143.00,4344.00,4425.00,4425.00,4425.00,4425.00
MA120,2433.00,2433.00,2433.00,2433.00,2634.00,2757.00,2916.00,3165.00,3297.00,2859.00,3162.00,3309.00,3534.00,3615.00,3075.00,3270.00,3510.00,2742.00,3021.00,3354.00,3597.00,3756.00,3792.00,3822.00,3822.00,3822.00,3822.00
MA122,1716.00,1716.00,1716.00,1716.00,1914.00,2028.00,2049.00,2169.00,2343.00,2046.00,2166.00,2361.00,2637.00,2670.00,2055.00,2307.00,2628.00,2025.00,2052.00,2421.00,2658.00,2676.00,2703.00,2751.00,2751.00,2751.00,2751.00
MA123,1665.00,1665.00,1665.00,1665.00,1842.00,2022.00,2100.00,2337.00,2472.00,2046.00,2334.00,2487.00,2700.00,2721.00,2244.00,2442.00,2694.00,1938.00,2196.00,2532.00,2712.00,2724.00,2736.00,2784.00,2784.00,2784.00,2784.00
MA124,2109.00,2109.00,2109.00,2109.00,2253.00,2340.00,2373.00,2460.00,2538.00,2370.00,2457.00,2544.00,2688.00,2766.00,2400.00,2520.00,2667.00,2337.00,2394.00,2574.00,2748.00,2793.00,2865.00,2916.00,2916.00,2916.00,2916.00
MA125,1890.00,1890.00,1890.00,1890.00,2061.00,2169.00,2337.00,2571.00,2664.00,2274.00,2568.00,2676.00,2832.00,2862.00,2502.00,2646.00,2823.00,2154.00,2445.00,2709.00,2850.00,2868.00,2889.00,2940.00,2940.00,2940.00,2940.00
MA126,1173.00,1173.00,1173.00,1173.00,1362.00,1527.00,1590.00,1731.00,1845.00,1539.00,1728.00,1857.00,2052.00,2139.00,1650.00,1818.00,2031.00,1470.00,1623.00,1896.00,2121.00,2172.00,2250.00,2289.00,2289.00,2289.00,2289.00
MA151,1836.00,1836.00,1836.00,1836.00,2061.00,2313.00,2463.00,2820.00,2916.00,2346.00,2817.00,2928.00,3108.00,3210.00,2748.00,2895.00,3081.00,2145.00,2649.00,2961.00,3189.00,3252.00,3351.00,3411.00,3411.00,3411.00,3411.00
MA377,2052.00,2052.00,2052.00,2052.00,2343.00,2505.00,2601.00,2784.00,2916.00,2571.00,2781.00,2928.00,3153.00,3243.00,2694.00,2886.00,3129.00,2499.00,2664.00,2973.00,3225.00,3300.00,3363.00,3423.00,3423.00,3423.00,3423.00
MD127,1437.00,1437.00,1437.00,1437.00,1539.00,1608.00,1716.00,1863.00,1908.00,1683.00,1860.00,1914.00,2013.00,2100.00,1821.00,1899.00,1989.00,1599.00,1788.00,1932.00,2079.00,2130.00,2211.00,2250.00,2250.00,2250.00,2250.00
MD128,1797.00,1797.00,1797.00,1797.00,1989.00,2100.00,2193.00,2337.00,2409.00,2166.00,2334.00,2418.00,2535.00,2541.00,2283.00,2394.00,2532.00,2097.00,2253.00,2442.00,2538.00,2544.00,2547.00,2574.00,2574.00,2574.00,2574.00
MD129,1638.00,1638.00,1638.00,1638.00,1704.00,1764.00,1917.00,2127.00,2199.00,1863.00,2124.00,2208.00,2334.00,2385.00,2070.00,2184.00,2322.00,1749.00,2019.00,2232.00,2370.00,2397.00,2439.00,2484.00,2484.00,2484.00,2484.00
MD130,1491.00,1491.00,1491.00,1491.00,1584.00,1644.00,1737.00,1884.00,1959.00,1710.00,1881.00,1968.00,2094.00,2103.00,1824.00,1944.00,2091.00,1638.00,1797.00,1995.00,2097.00,2106.00,2109.00,2130.00,2130.00,2130.00,2130.00
MD133,1803.00,1803.00,1803.00,1803.00,1932.00,2010.00,2100.00,2256.00,2346.00,2076.00,2253.00,2355.00,2508.00,2544.00,2190.00,2328.00,2496.00,2004.00,2160.00,2388.00,2532.00,2553.00,2580.00,2625.00,2625.00,2625.00,2625.00
MD134,1788.00,1788.00,1788.00,1788.00,1908.00,1998.00,2169.00,2367.00,2391.00,2103.00,2364.00,2394.00,2448.00,2466.00,2337.00,2385.00,2445.00,1980.00,2280.00,2406.00,2457.00,2469.00,2475.00,2517.00,2517.00,2517.00,2517.00
MD135,1476.00,1476.00,1476.00,1476.00,1545.00,1596.00,1695.00,1857.00,1947.00,1665.00,1854.00,1959.00,2103.00,2109.00,1791.00,1929.00,2100.00,1590.00,1758.00,1989.00,2106.00,2112.00,2115.00,2133.00,2133.00,2133.00,2133.00
MD432,1086.00,1086.00,1086.00,1086.00,1236.00,1326.00,1344.00,1392.00,1464.00,1341.00,1389.00,1470.00,1593.00,1626.00,1350.00,1449.00,1584.00,1323.00,1347.00,1497.00,1617.00,1635.00,1659.00,1686.00,1686.00,1686.00,1686.00
MD458,1266.00,1266.00,1266.00,1266.00,1428.00,1677.00,1695.00,1974.00,2070.00,1689.00,1971.00,2082.00,2235.00,2241.00,1902.00,2049.00,2232.00,1464.00,1830.00,2115.00,2238.00,2244.00,2247.00,2268.00,2268.00,2268.00,2268.00
ME136,1026.00,1026.00,1026.00,1026.00,1221.00,1293.00,1617.00,1971.00,2244.00,1311.00,1764.00,2247.00,2274.00,2367.00,1689.00,2133.00,2271.00,1236.00,1620.00,2250.00,2364.00,2487.00,2907.00,2961.00,2961.00,2961.00,2961.00
ME139,1737.00,1737.00,1737.00,1737.00,1941.00,2052.00,2067.00,2160.00,2319.00,2064.00,2157.00,2337.00,2589.00,2628.00,2073.00,2286.00,2580.00,2049.00,2070.00,2391.00,2616.00,2637.00,2670.00,2718.00,2718.00,2718.00,2718.00
ME141,1131.00,1131.00,1131.00,1131.00,1290.00,1410.00,1479.00,1758.00,1800.00,1425.00,1755.00,1806.00,1884.00,1905.00,1719.00,1791.00,1878.00,1308.00,1635.00,1821.00,1896.00,1908.00,1914.00,1947.00,1947.00,1947.00,1947.00
ME390,867.00,867.00,867.00,867.00,1008.00,1236.00,1251.00,1410.00,1497.00,1248.00,1407.00,1506.00,1647.00,1659.00,1344.00,1479.00,1644.00,1041.00,1284.00,1536.00,1650.00,1662.00,1665.00,1680.00,1680.00,1680.00,1680.00
MI142,1302.00,1302.00,1302.00,1302.00,1473.00,1698.00,1749.00,2028.00,2115.00,1713.00,2025.00,2124.00,2265.00,2271.00,1965.00,2097.00,2262.00,1506.00,1890.00,2157.00,2268.00,2298.00,2316.00,2334.00,2334.00,2334.00,2334.00
MI143,894.00,894.00,894.00,894.00,1041.00,1233.00,1266.00,1305.00,1431.00,1248.00,1299.00,1443.00,1653.00,1698.00,1275.00,1401.00,1641.00,1164.00,1269.00,1488.00,1686.00,1713.00,1749.00,1779.00,1779.00,1779.00,1779.00
MI145,786.00,786.00,786.00,786.00,873.00,936.00,1053.00,1176.00,1182.00,1014.00,1173.00,1185.00,1194.00,1200.00,1164.00,1179.00,1191.00,927.00,1128.00,1188.00,1197.00,1203.00,1206.00,1209.00,1209.00,1209.00,1209.00
MI146,1143.00,1143.00,1143.00,1143.00,1287.00,1383.00,1530.00,1686.00,1692.00,1479.00,1683.00,1695.00,1713.00,1824.00,1674.00,1689.00,1701.00,1371.00,1626.00,1698.00,1803.00,1869.00,1971.00,2004.00,2004.00,2004.00,2004.00
MI148,1062.00,1062.00,1062.00,1062.00,1239.00,1341.00,1416.00,1548.00,1623.00,1398.00,1545.00,1632.00,1758.00,1779.00,1488.00,1608.00,1752.00,1338.00,1467.00,1659.00,1770.00,1782.00,1788.00,1818.00,1818.00,1818.00,1818.00
MI152,903.00,903.00,903.00,903.00,969.00,1239.00,1266.00,1344.00,1461.00,1254.00,1341.00,1473.00,1662.00,1698.00,1275.00,1437.00,1650.00,1011.00,1269.00,1512.00,1686.00,1731.00,1743.00,1761.00,1761.00,1761.00,1761.00
MI153,990.00,990.00,990.00,990.00,1098.00,1278.00,1311.00,1503.00,1578.00,1293.00,1500.00,1584.00,1713.00,1752.00,1446.00,1560.00,1701.00,1161.00,1401.00,1611.00,1740.00,1761.00,1791.00,1821.00,1821.00,1821.00,1821.00
MI154,1110.00,1110.00,1110.00,1110.00,1245.00,1314.00,1488.00,1668.00,1674.00,1422.00,1665.00,1677.00,1686.00,1692.00,1659.00,1671.00,1683.00,1299.00,1599.00,1680.00,1689.00,1695.00,1698.00,1716.00,1716.00,1716.00,1716.00
MI155,1467.00,1467.00,1467.00,1467.00,1548.00,1755.00,1797.00,2028.00,2145.00,1770.00,2025.00,2157.00,2349.00,2403.00,1947.00,2121.00,2337.00,1599.00,1890.00,2199.00,2391.00,2421.00,2466.00,2508.00,2508.00,2508.00,2508.00
MI156,759.00,759.00,759.00,759.00,861.00,951.00,1017.00,1176.00,1209.00,972.00,1173.00,1212.00,1269.00,1278.00,1146.00,1203.00,1266.00,876.00,1104.00,1224.00,1272.00,1281.00,1284.00,1287.00,1287.00,1287.00,1287.00
MN158,1290.00,1290.00,1290.00,1290.00,1368.00,1428.00,1551.00,1692.00,1707.00,1509.00,1689.00,1710.00,1755.00,1794.00,1668.00,1704.00,1743.00,1416.00,1629.00,1719.00,1782.00,1806.00,1839.00,1869.00,1869.00,1869.00,1869.00
MN159,1302.00,1302.00,1302.00,1302.00,1425.00,1545.00,1620.00,1803.00,1899.00,1581.00,1800.00,1908.00,2067.00,2112.00,1734.00,1878.00,2055.00,1494.00,1698.00,1941.00,2100.00,2127.00,2166.00,2202.00,2202.00,2202.00,2202.00
MO160,1197.00,1197.00,1197.00,1197.00,1365.00,1461.00,1515.00,1578.00,1584.00,1506.00,1575.00,1587.00,1596.00,1602.00,1563.00,1581.00,1593.00,1458.00,1551.00,1590.00,1599.00,1605.00,1608.00,1611.00,1611.00,1611.00,1611.00
MO161,1224.00,1224.00,1224.00,1224.00,1392.00,1491.00,1506.00,1590.00,1731.00,1503.00,1587.00,1746.00,1962.00,1971.00,1512.00,1701.00,1959.00,1488.00,1509.00,1794.00,1965.00,1974.00,1977.00,1995.00,1995.00,1995.00,1995.00
MO162,735.00,735.00,735.00,735.00,819.00,957.00,1038.00,1131.00,1230.00,969.00,1128.00,1233.00,1299.00,1410.00,1086.00,1170.00,1272.00,873.00,1053.00,1236.00,1389.00,1485.00,1557.00,1581.00,1581.00,1581.00,1581.00
MO163,690.00,690.00,690.00,690.00,768.00,822.00,888.00,984.00,1014.00,873.00,981.00,1017.00,1092.00,1170.00,954.00,1008.00,1071.00,819.00,933.00,1032.00,1152.00,1197.00,1269.00,1287.00,1287.00,1287.00,1287.00
MO164,795.00,795.00,795.00,795.00,867.00,915.00,969.00,1047.00,1077.00,960.00,1044.00,1080.00,1146.00,1215.00,1017.00,1071.00,1131.00,912.00,1005.00,1092.00,1212.00,1386.00,1395.00,1404.00,1404.00,1404.00,1404.00
MO165,810.00,810.00,810.00,810.00,840.00,867.00,960.00,1149.00,1302.00,909.00,1038.00,1305.00,1323.00,1386.00,999.00,1239.00,1320.00,864.00,963.00,1308.00,1383.00,1464.00,1674.00,1701.00,1701.00,1701.00,1701.00
MO344,717.00,717.00,717.00,717.00,795.00,984.00,999.00,1104.00,1179.00,996.00,1101.00,1188.00,1311.00,1317.00,1044.00,1164.00,1308.00,867.00,1017.00,1215.00,1314.00,1320.00,1323.00,1326.00,1326.00,1326.00,1326.00
MS168,969.00,969.00,969.00,969.00,1062.00,1125.00,1221.00,1323.00,1329.00,1194.00,1320.00,1332.00,1347.00,1407.00,1311.00,1326.00,1338.00,1119.00,1281.00,1335.00,1392.00,1428.00,1479.00,1503.00,1503.00,1503.00,1503.00
MS169,741.00,741.00,741.00,741.00,861.00,951.00,996.00,1047.00,1134.00,966.00,1017.00,1137.00,1284.00,1341.00,1008.00,1086.00,1266.00,933.00,999.00,1149.00,1326.00,1446.00,1458.00,1464.00,1464.00,1464.00,1464.00
MS170,1074.00,1074.00,1074.00,1074.00,1197.00,1275.00,1386.00,1536.00,1581.00,1350.00,1533.00,1587.00,1674.00,1710.00,1494.00,1572.00,1665.00,1266.00,1461.00,1605.00,1698.00,1716.00,1743.00,1770.00,1770.00,1770.00,1770.00
MS171,747.00,747.00,747.00,747.00,828.00,906.00,978.00,1059.00,1176.00,930.00,1041.00,1179.00,1227.00,1341.00,996.00,1098.00,1212.00,879.00,981.00,1182.00,1338.00,1500.00,1512.00,1524.00,1524.00,1524.00,1524.00
MS172,1032.00,1032.00,1032.00,1032.00,1089.00,1128.00,1167.00,1230.00,1257.00,1164.00,1227.00,1260.00,1332.00,1407.00,1200.00,1251.00,1311.00,1125.00,1191.00,1272.00,1392.00,1497.00,1509.00,1530.00,1530.00,1530.00,1530.00
MT175,756.00,756.00,756.00,756.00,825.00,873.00,960.00,1062.00,1152.00,924.00,1029.00,1155.00,1182.00,1308.00,996.00,1110.00,1167.00,870.00,978.00,1158.00,1284.00,1362.00,1482.00,1506.00,1506.00,1506.00,1506.00
MT347,774.00,774.00,774.00,774.00,855.00,1101.00,1149.00,1197.00,1269.00,1113.00,1167.00,1281.00,1482.00,1542.00,1158.00,1242.00,1464.00,906.00,1152.00,1323.00,1527.00,1563.00,1617.00,1641.00,1641.00,1641.00,1641.00
NC176,1257.00,1257.00,1257.00,1257.00,1410.00,1590.00,1674.00,1800.00,1851.00,1653.00,1797.00,1857.00,1950.00,1986.00,1755.00,1839.00,1941.00,1587.00,1731.00,1875.00,1974.00,1995.00,2022.00,2058.00,2058.00,2058.00,2058.00
NC177,1158.00,1158.00,1158.00,1158.00,1245.00,1302.00,1320.00,1332.00,1338.00,1317.00,1329.00,1341.00,1350.00,1395.00,1326.00,1335.00,1347.00,1299.00,1323.00,1344.00,1380.00,1425.00,1467.00,1491.00,1491.00,1491.00,1491.00
NC178,1098.00,1098.00,1098.00,1098.00,1197.00,1260.00,1278.00,1290.00,1296.00,1275.00,1287.00,1299.00,1308.00,1407.00,1284.00,1293.00,1305.00,1257.00,1281.00,1302.00,1386.00,1449.00,1548.00,1572.00,1572.00,1572.00,1572.00
NC179,1221.00,1221.00,1221.00,1221.00,1386.00,1485.00,1578.00,1695.00,1713.00,1551.00,1692.00,1716.00,1758.00,1764.00,1668.00,1710.00,1755.00,1479.00,1641.00,1725.00,1761.00,1767.00,1770.00,1782.00,1782.00,1782.00,1782.00
NC180,1245.00,1245.00,1245.00,1245.00,1365.00,1497.00,1536.00,1707.00,1815.00,1509.00,1704.00,1827.00,1995.00,2013.00,1632.00,1791.00,1992.00,1434.00,1602.00,1863.00,2004.00,2016.00,2019.00,2052.00,2052.00,2052.00,2052.00
NC181,1248.00,1248.00,1248.00,1248.00,1407.00,1500.00,1521.00,1620.00,1758.00,1518.00,1617.00,1773.00,1983.00,1989.00,1527.00,1728.00,1980.00,1497.00,1524.00,1818.00,1986.00,1992.00,1995.00,2010.00,2010.00,2010.00,2010.00
NC182,1017.00,1017.00,1017.00,1017.00,1098.00,1239.00,1254.00,1386.00,1485.00,1251.00,1383.00,1494.00,1650.00,1656.00,1314.00,1464.00,1647.00,1149.00,1290.00,1530.00,1653.00,1659.00,1662.00,1671.00,1671.00,1671.00,1671.00
NC183,1098.00,1098.00,1098.00,1098.00,1101.00,1107.00,1113.00,1125.00,1206.00,1110.00,1122.00,1209.00,1233.00,1353.00,1119.00,1152.00,1230.00,1104.00,1116.00,1212.00,1329.00,1410.00,1542.00,1566.00,1566.00,1566.00,1566.00
NC184,975.00,975.00,975.00,975.00,1089.00,1161.00,1197.00,1290.00,1359.00,1194.00,1287.00,1368.00,1500.00,1593.00,1236.00,1344.00,1476.00,1158.00,1227.00,1392.00,1575.00,1629.00,1713.00,1743.00,1743.00,1743.00,1743.00
NC185,1212.00,1212.00,1212.00,1212.00,1347.00,1425.00,1509.00,1644.00,1722.00,1488.00,1641.00,1731.00,1872.00,1947.00,1587.00,1704.00,1851.00,1422.00,1563.00,1758.00,1929.00,1974.00,2046.00,2079.00,2079.00,2079.00,2079.00
NC186,1122.00,1122.00,1122.00,1122.00,1260.00,1341.00,1374.00,1473.00,1575.00,1371.00,1470.00,1587.00,1749.00,1758.00,1398.00,1554.00,1746.00,1338.00,1389.00,1623.00,1752.00,1761.00,1764.00,1773.00,1773.00,1773.00,1773.00
NC187,1182.00,1182.00,1182.00,1182.00,1290.00,1365.00,1482.00,1644.00,1701.00,1443.00,1641.00,1707.00,1812.00,1857.00,1596.00,1689.00,1800.00,1356.00,1560.00,1728.00,1845.00,1869.00,1908.00,1941.00,1941.00,1941.00,1941.00
ND188,897.00,897.00,897.00,897.00,1005.00,1239.00,1281.00,1347.00,1461.00,1254.00,1344.00,1473.00,1665.00,1719.00,1290.00,1437.00,1650.00,1071.00,1284.00,1515.00,1704.00,1734.00,1779.00,1809.00,1809.00,1809.00,1809.00
ND189,798.00,798.00,798.00,798.00,894.00,1209.00,1224.00,1278.00,1404.00,1221.00,1275.00,1416.00,1611.00,1617.00,1230.00,1377.00,1608.00,939.00,1227.00,1458.00,1614.00,1620.00,1623.00,1629.00,1629.00,1629.00,1629.00
ND190,918.00,918.00,918.00,918.00,1029.00,1146.00,1230.00,1392.00,1440.00,1188.00,1389.00,1446.00,1530.00,1548.00,1353.00,1431.00,1524.00,1095.00,1311.00,1464.00,1539.00,1551.00,1560.00,1584.00,1584.00,1584.00,1584.00
ND191,900.00,900.00,900.00,900.00,972.00,1287.00,1305.00,1329.00,1476.00,1302.00,1326.00,1491.00,1716.00,1722.00,1311.00,1443.00,1713.00,1017.00,1308.00,1539.00,1719.00,1725.00,1728.00,1737.00,1737.00,1737.00,1737.00
NE192,942.00,942.00,942.00,942.00,1071.00,1323.00,1341.00,1500.00,1599.00,1338.00,1497.00,1608.00,1770.00,1791.00,1428.00,1578.00,1761.00,1104.00,1371.00,1644.00,1782.00,1794.00,1809.00,1839.00,1839.00,1839.00,1839.00
NE193,885.00,885.00,885.00,885.00,966.00,1149.00,1164.00,1203.00,1326.00,1161.00,1200.00,1341.00,1533.00,1545.00,1170.00,1302.00,1527.00,1017.00,1167.00,1383.00,1536.00,1548.00,1551.00,1569.00,1569.00,1569.00,1569.00
NH194,1536.00,1536.00,1536.00,1536.00,1689.00,1848.00,2025.00,2301.00,2358.00,1935.00,2298.00,2364.00,2511.00,2724.00,2253.00,2346.00,2460.00,1773.00,2175.00,2385.00,2688.00,2817.00,3024.00,3078.00,3078.00,3078.00,3078.00
NH195,1539.00,1539.00,1539.00,1539.00,1749.00,1914.00,2034.00,2265.00,2373.00,1977.00,2262.00,2382.00,2571.00,2658.00,2190.00,2349.00,2547.00,1863.00,2136.00,2421.00,2640.00,2694.00,2775.00,2823.00,2823.00,2823.00,2823.00
NJ196,1416.00,1416.00,1416.00,1416.00,1626.00,1761.00,1824.00,1992.00,2127.00,1803.00,1989.00,2139.00,2358.00,2418.00,1899.00,2097.00,2343.00,1740.00,1875.00,2184.00,2403.00,2436.00,2490.00,2532.00,2532.00,2532.00,2532.00
NJ198,1182.00,1182.00,1182.00,1182.00,1314.00,1455.00,1578.00,1740.00,1782.00,1536.00,1737.00,1788.00,1884.00,1971.00,1701.00,1773.00,1863.00,1443.00,1659.00,1806.00,1953.00,2004.00,2085.00,2118.00,2118.00,2118.00,2118.00
NJ200,1875.00,1875.00,1875.00,1875.00,2166.00,2322.00,2376.00,2478.00,2535.00,2367.00,2475.00,2544.00,2667.00,2796.00,2433.00,2523.00,2637.00,2319.00,2415.00,2565.00,2772.00,2847.00,2970.00,3021.00,3021.00,3021.00,3021.00
NJ201,1569.00,1569.00,1569.00,1569.00,1800.00,1995.00,2094.00,2313.00,2442.00,2052.00,2310.00,2454.00,2664.00,2700.00,2220.00,2415.00,2655.00,1956.00,2178.00,2499.00,2688.00,2706.00,2736.00,2784.00,2784.00,2784.00,2784.00
NJ202,2112.00,2112.00,2112.00,2112.00,2412.00,2637.00,2823.00,3054.00,3111.00,2751.00,3051.00,3117.00,3225.00,3282.00,3006.00,3099.00,3210.00,2616.00,2943.00,3138.00,3270.00,3300.00,3351.00,3414.00,3414.00,3414.00,3414.00
NJ203,1629.00,1629.00,1629.00,1629.00,1830.00,1965.00,2184.00,2448.00,2511.00,2097.00,2445.00,2517.00,2628.00,2670.00,2400.00,2496.00,2616.00,1941.00,2325.00,2541.00,2658.00,2682.00,2715.00,2763.00,2763.00,2763.00,2763.00
NJ204,1473.00,1473.00,1473.00,1473.00,1668.00,1779.00,1872.00,2028.00,2121.00,1845.00,2025.00,2130.00,2289.00,2349.00,1962.00,2100.00,2274.00,1776.00,1932.00,2163.00,2334.00,2370.00,2424.00,2466.00,2466.00,2466.00,2466.00
NM205,852.00,852.00,852.00,852.00,924.00,1080.00,1104.00,1278.00,1335.00,1095.00,1275.00,1341.00,1446.00,1479.00,1230.00,1323.00,1437.00,951.00,1185.00,1365.00,1470.00,1485.00,1512.00,1536.00,1536.00,1536.00,1536.00
NM206,1104.00,1104.00,1104.00,1104.00,1269.00,1362.00,1458.00,1557.00,1563.00,1431.00,1554.00,1566.00,1575.00,1581.00,1545.00,1560.00,1572.00,1359.00,1518.00,1569.00,1578.00,1584.00,1587.00,1590.00,1590.00,1590.00,1590.00
NM207,693.00,693.00,693.00,693.00,765.00,972.00,1017.00,1080.00,1161.00,987.00,1077.00,1167.00,1311.00,1368.00,1029.00,1143.00,1293.00,822.00,1020.00,1197.00,1356.00,1389.00,1440.00,1464.00,1464.00,1464.00,1464.00
NM209,780.00,780.00,780.00,780.00,918.00,987.00,1047.00,1248.00,1269.00,999.00,1245.00,1272.00,1314.00,1329.00,1224.00,1266.00,1311.00,933.00,1164.00,1281.00,1320.00,1332.00,1335.00,1350.00,1350.00,1350.00,1350.00
NM210,1272.00,1272.00,1272.00,1272.00,1413.00,1503.00,1632.00,1800.00,1917.00,1590.00,1797.00,1920.00,1992.00,2187.00,1758.00,1842.00,1950.00,1494.00,1716.00,1923.00,2154.00,2274.00,2469.00,2511.00,2511.00,2511.00,2511.00
NV211,885.00,885.00,885.00,885.00,990.00,1065.00,1185.00,1347.00,1395.00,1134.00,1344.00,1398.00,1455.00,1605.00,1320.00,1365.00,1416.00,1032.00,1275.00,1401.00,1578.00,1668.00,1815.00,1845.00,1845.00,1845.00,1845.00
NV212,1272.00,1272.00,1272.00,1272.00,1419.00,1503.00,1590.00,1695.00,1713.00,1566.00,1692.00,1716.00,1758.00,1785.00,1674.00,1710.00,1749.00,1500.00,1647.00,1722.00,1773.00,1788.00,1806.00,1836.00,1836.00,1836.00,1836.00
NV213,1428.00,1428.00,1428.00,1428.00,1602.00,1701.00,1782.00,1911.00,1980.00,1761.00,1908.00,1986.00,2100.00,2112.00,1857.00,1965.00,2097.00,1698.00,1833.00,2013.00,2103.00,2115.00,2118.00,2148.00,2148.00,2148.00,2148.00
NY215,1584.00,1584.00,1584.00,1584.00,1809.00,1938.00,2043.00,2163.00,2172.00,2013.00,2160.00,2175.00,2208.00,2271.00,2145.00,2169.00,2190.00,1932.00,2112.00,2178.00,2256.00,2292.00,2346.00,2388.00,2388.00,2388.00,2388.00
NY216,1407.00,1407.00,1407.00,1407.00,1554.00,1695.00,1884.00,2082.00,2088.00,1809.00,2079.00,2091.00,2100.00,2151.00,2070.00,2085.00,2097.00,1674.00,2007.00,2094.00,2136.00,2166.00,2211.00,2250.00,2250.00,2250.00,2250.00
NY217,1590.00,1590.00,1590.00,1590.00,1905.00,2094.00,2118.00,2283.00,2478.00,2115.00,2280.00,2496.00,2793.00,2811.00,2157.00,2436.00,2787.00,2076.00,2145.00,2562.00,2802.00,2814.00,2817.00,2868.00,2868.00,2868.00,2868.00
NY218,2679.00,2679.00,2679.00,2679.00,2967.00,3141.00,3369.00,3663.00,3753.00,3279.00,3660.00,3765.00,3939.00,4053.00,3594.00,3735.00,3909.00,3117.00,3516.00,3798.00,4032.00,4101.00,4212.00,4290.00,4290.00,4290.00,4290.00
NY219,2700.00,2700.00,2700.00,2700.00,2817.00,2907.00,3102.00,3336.00,3384.00,3027.00,3333.00,3390.00,3537.00,3801.00,3294.00,3375.00,3468.00,2886.00,3228.00,3408.00,3756.00,3921.00,4185.00,4260.00,4260.00,4260.00,4260.00
NY221,1080.00,1080.00,1080.00,1080.00,1212.00,1329.00,1449.00,1653.00,1695.00,1383.00,1650.00,1698.00,1779.00,1815.00,1617.00,1686.00,1767.00,1260.00,1560.00,1716.00,1806.00,1824.00,1854.00,1887.00,1887.00,1887.00,1887.00
NY222,1041.00,1041.00,1041.00,1041.00,1212.00,1551.00,1602.00,1710.00,1845.00,1563.00,1707.00,1857.00,2082.00,2151.00,1617.00,1815.00,2064.00,1254.00,1605.00,1905.00,2133.00,2175.00,2235.00,2274.00,2274.00,2274.00,2274.00
NY223,1077.00,1077.00,1077.00,1077.00,1266.00,1329.00,1446.00,1713.00,1731.00,1347.00,1710.00,1734.00,1794.00,1884.00,1689.00,1725.00,1770.00,1278.00,1605.00,1743.00,1866.00,1938.00,2007.00,2040.00,2040.00,2040.00,2040.00
NY225,987.00,987.00,987.00,987.00,1098.00,1164.00,1299.00,1482.00,1617.00,1227.00,1374.00,1620.00,1629.00,1785.00,1338.00,1569.00,1626.00,1161.00,1302.00,1623.00,1749.00,1890.00,2115.00,2151.00,2151.00,2151.00,2151.00
NY349,2484.00,2484.00,2484.00,2484.00,3003.00,3279.00,3312.00,3546.00,3864.00,3309.00,3543.00,3894.00,4368.00,4374.00,3342.00,3795.00,4365.00,3276.00,3336.00,3999.00,4371.00,4377.00,4380.00,4443.00,4443.00,4443.00,4443.00
NY413,2346.00,2346.00,2346.00,2346.00,2619.00,2772.00,2901.00,3036.00,3042.00,2859.00,3033.00,3045.00,3087.00,3297.00,3024.00,3039.00,3051.00,2763.00,2985.00,3048.00,3264.00,3393.00,3600.00,3666.00,3666.00,3666.00,3666.00
OH227,1047.00,1047.00,1047.00,1047.00,1107.00,1278.00,1296.00,1323.00,1467.00,1293.00,1320.00,1482.00,1707.00,1734.00,1302.00,1437.00,1701.00,1149.00,1299.00,1530.00,1722.00,1875.00,1890.00,1905.00,1905.00,1905.00,1905.00
OH228,1236.00,1236.00,1236.00,1236.00,1425.00,1554.00,1650.00,1806.00,1890.00,1623.00,1803.00,1899.00,2037.00,2043.00,1743.00,1872.00,2034.00,1548.00,1713.00,1932.00,2040.00,2046.00,2049.00,2064.00,2064.00,2064.00,2064.00
OH229,1164.00,1164.00,1164.00,1164.00,1293.00,1371.00,1398.00,1470.00,1542.00,1395.00,1467.00,1548.00,1674.00,1704.00,1413.00,1527.00,1665.00,1368.00,1410.00,1575.00,1695.00,1710.00,1734.00,1761.00,1761.00,1761.00,1761.00
OH230,1029.00,1029.00,1029.00,1029.00,1158.00,1290.00,1344.00,1461.00,1557.00,1302.00,1458.00,1566.00,1734.00,1809.00,1392.00,1536.00,1716.00,1233.00,1368.00,1602.00,1791.00,1836.00,1902.00,1932.00,1932.00,1932.00,1932.00
OH231,936.00,936.00,936.00,936.00,1020.00,1080.00,1131.00,1239.00,1311.00,1122.00,1236.00,1320.00,1449.00,1497.00,1182.00,1296.00,1437.00,1074.00,1167.00,1347.00,1485.00,1533.00,1551.00,1578.00,1578.00,1578.00,1578.00
OH232,1083.00,1083.00,1083.00,1083.00,1281.00,1395.00,1443.00,1518.00,1548.00,1434.00,1515.00,1551.00,1608.00,1620.00,1488.00,1542.00,1605.00,1392.00,1476.00,1563.00,1611.00,1842.00,1857.00,1869.00,1869.00,1869.00,1869.00
OH233,693.00,693.00,693.00,693.00,798.00,888.00,930.00,1095.00,1125.00,900.00,1092.00,1128.00,1188.00,1218.00,1065.00,1119.00,1179.00,816.00,1020.00,1140.00,1206.00,1221.00,1242.00,1260.00,1260.00,1260.00,1260.00
OK235,693.00,693.00,693.00,693.00,744.00,852.00,918.00,1023.00,1077.00,867.00,1020.00,1080.00,1158.00,1245.00,987.00,1053.00,1134.00,777.00,954.00,1083.00,1224.00,1311.00,1356.00,1377.00,1377.00,1377.00,1377.00
OK236,753.00,753.00,753.00,753.00,813.00,936.00,984.00,1122.00,1164.00,951.00,1119.00,1170.00,1260.00,1371.00,1083.00,1155.00,1245.00,852.00,1047.00,1188.00,1368.00,1587.00,1599.00,1608.00,1608.00,1608.00,1608.00
OK237,678.00,678.00,678.00,678.00,762.00,906.00,942.00,1011.00,1083.00,921.00,1008.00,1089.00,1218.00,1263.00,954.00,1068.00,1206.00,813.00,945.00,1116.00,1251.00,1296.00,1311.00,1332.00,1332.00,1332.00,1332.00
OK239,939.00,939.00,939.00,939.00,1041.00,1158.00,1209.00,1359.00,1425.00,1179.00,1356.00,1431.00,1545.00,1572.00,1308.00,1410.00,1539.00,1101.00,1275.00,1458.00,1560.00,1575.00,1590.00,1617.00,1617.00,1617.00,1617.00
OK240,903.00,903.00,903.00,903.00,1008.00,1074.00,1119.00,1188.00,1206.00,1113.00,1185.00,1209.00,1260.00,1311.00,1164.00,1203.00,1248.00,1071.00,1152.00,1218.00,1302.00,1497.00,1509.00,1518.00,1518.00,1518.00,1518.00
OR241,1044.00,1044.00,1044.00,1044.00,1158.00,1389.00,1422.00,1608.00,1698.00,1401.00,1605.00,1707.00,1860.00,1905.00,1542.00,1677.00,1848.00,1239.00,1494.00,1740.00,1890.00,1917.00,1953.00,1986.00,1986.00,1986.00,1986.00
OR242,1017.00,1017.00,1017.00,1017.00,1155.00,1353.00,1428.00,1533.00,1635.00,1365.00,1530.00,1644.00,1824.00,1923.00,1461.00,1611.00,1800.00,1248.00,1431.00,1680.00,1905.00,1962.00,2055.00,2091.00,2091.00,2091.00,2091.00
OR243,1821.00,1821.00,1821.00,1821.00,2214.00,2427.00,2442.00,2454.00,2460.00,2439.00,2451.00,2463.00,2472.00,2502.00,2448.00,2457.00,2469.00,2424.00,2445.00,2466.00,2487.00,2514.00,2556.00,2601.00,2601.00,2601.00,2601.00
OR244,1137.00,1137.00,1137.00,1137.00,1260.00,1338.00,1431.00,1578.00,1653.00,1401.00,1575.00,1662.00,1794.00,1851.00,1521.00,1638.00,1779.00,1329.00,1494.00,1689.00,1839.00,1869.00,1920.00,1953.00,1953.00,1953.00,1953.00
OR245,1200.00,1200.00,1200.00,1200.00,1341.00,1635.00,1689.00,1869.00,1986.00,1647.00,1866.00,1998.00,2193.00,2271.00,1788.00,1962.00,2175.00,1407.00,1728.00,2037.00,2253.00,2499.00,2520.00,2541.00,2541.00,2541.00,2541.00
OR246,1419.00,1419.00,1419.00,1419.00,1566.00,1659.00,1764.00,1890.00,1911.00,1731.00,1887.00,1914.00,1968.00,2016.00,1866.00,1908.00,1956.00,1650.00,1833.00,1926.00,2001.00,2028.00,2067.00,2100.00,2100.00,2100.00,2100.00
PA247,1122.00,1122.00,1122.00,1122.00,1275.00,1371.00,1488.00,1650.00,1713.00,1449.00,1647.00,1719.00,1839.00,1902.00,1599.00,1701.00,1821.00,1362.00,1563.00,1743.00,1887.00,2007.00,2022.00,2040.00,2040.00,2040.00,2040.00
PA248,1386.00,1386.00,1386.00,1386.00,1578.00,1725.00,1854.00,2067.00,2154.00,1800.00,2064.00,2163.00,2304.00,2319.00,2001.00,2136.00,2298.00,1689.00,1953.00,2193.00,2310.00,2322.00,2325.00,2364.00,2364.00,2364.00,2364.00
PA249,1521.00,1521.00,1521.00,1521.00,1698.00,1854.00,1995.00,2241.00,2325.00,1926.00,2238.00,2334.00,2478.00,2508.00,2175.00,2307.00,2469.00,1794.00,2115.00,2364.00,2499.00,2514.00,2538.00,2583.00,2583.00,2583.00,2583.00
PA250,1383.00,1383.00,1383.00,1383.00,1491.00,1695.00,1743.00,1983.00,2088.00,1707.00,1980.00,2097.00,2259.00,2265.00,1911.00,2064.00,2256.00,1554.00,1854.00,2133.00,2262.00,2268.00,2271.00,2292.00,2292.00,2292.00,2292.00
PA252,1035.00,1035.00,1035.00,1035.00,1098.00,1311.00,1329.00,1497.00,1590.00,1326.00,1494.00,1602.00,1752.00,1779.00,1431.00,1572.00,1746.00,1140.00,1383.00,1632.00,1767.00,1782.00,1797.00,1827.00,1827.00,1827.00,1827.00
PA253,1029.00,1029.00,1029.00,1029.00,1125.00,1188.00,1245.00,1356.00,1425.00,1233.00,1353.00,1434.00,1551.00,1563.00,1299.00,1410.00,1548.00,1185.00,1284.00,1461.00,1554.00,1566.00,1569.00,1584.00,1584.00,1584.00,1584.00
PA254,1134.00,1134.00,1134.00,1134.00,1176.00,1410.00,1428.00,1608.00,1710.00,1425.00,1605.00,1719.00,1881.00,1887.00,1533.00,1686.00,1878.00,1209.00,1482.00,1755.00,1884.00,1890.00,1893.00,1905.00,1905.00,1905.00,1905.00
PA255,1503.00,1503.00,1503.00,1503.00,1665.00,1758.00,1842.00,1950.00,1980.00,1821.00,1947.00,1986.00,2052.00,2085.00,1917.00,1974.00,2043.00,1755.00,1893.00,1998.00,2073.00,2091.00,2115.00,2151.00,2151.00,2151.00,2151.00
RI256,1461.00,1461.00,1461.00,1461.00,1620.00,2001.00,2034.00,2262.00,2418.00,2013.00,2259.00,2433.00,2676.00,2721.00,2160.00,2382.00,2664.00,1704.00,2085.00,2484.00,2709.00,2733.00,2769.00,2817.00,2817.00,2817.00,2817.00
RI257,1401.00,1401.00,1401.00,1401.00,1587.00,1716.00,1875.00,2049.00,2058.00,1818.00,2046.00,2061.00,2103.00,2199.00,2034.00,2055.00,2079.00,1701.00,1980.00,2064.00,2178.00,2394.00,2415.00,2433.00,2433.00,2433.00,2433.00
SC258,1251.00,1251.00,1251.00,1251.00,1458.00,1575.00,1662.00,1776.00,1803.00,1638.00,1773.00,1806.00,1890.00,2028.00,1749.00,1797.00,1854.00,1569.00,1722.00,1818.00,2001.00,2088.00,2220.00,2259.00,2259.00,2259.00,2259.00
SC259,1365.00,1365.00,1365.00,1365.00,1563.00,1674.00,1752.00,1851.00,1869.00,1734.00,1848.00,1872.00,1914.00,1938.00,1830.00,1866.00,1908.00,1671.00,1806.00,1881.00,1929.00,1941.00,1956.00,1989.00,1989.00,1989.00,1989.00
SC260,1233.00,1233.00,1233.00,1233.00,1368.00,1449.00,1491.00,1545.00,1551.00,1485.00,1542.00,1554.00,1575.00,1653.00,1530.00,1548.00,1560.00,1446.00,1521.00,1557.00,1635.00,1680.00,1752.00,1779.00,1779.00,1779.00,1779.00
SC261,1113.00,1113.00,1113.00,1113.00,1245.00,1320.00,1359.00,1440.00,1488.00,1356.00,1437.00,1494.00,1584.00,1596.00,1395.00,1479.00,1578.00,1317.00,1386.00,1515.00,1587.00,1659.00,1671.00,1683.00,1683.00,1683.00,1683.00
SC262,1188.00,1188.00,1188.00,1188.00,1275.00,1335.00,1437.00,1557.00,1575.00,1407.00,1554.00,1578.00,1644.00,1749.00,1533.00,1572.00,1617.00,1329.00,1500.00,1587.00,1728.00,1791.00,1893.00,1923.00,1923.00,1923.00,1923.00
SC263,876.00,876.00,876.00,876.00,921.00,966.00,1014.00,1107.00,1173.00,999.00,1104.00,1179.00,1302.00,1365.00,1056.00,1158.00,1284.00,951.00,1041.00,1203.00,1350.00,1449.00,1461.00,1470.00,1470.00,1470.00,1470.00
SD264,924.00,924.00,924.00,924.00,1032.00,1167.00,1230.00,1419.00,1467.00,1182.00,1416.00,1473.00,1560.00,1584.00,1377.00,1458.00,1554.00,1068.00,1329.00,1491.00,1572.00,1587.00,1596.00,1623.00,1623.00,1623.00,1623.00
SD265,843.00,843.00,843.00,843.00,915.00,1089.00,1110.00,1233.00,1314.00,1104.00,1230.00,1323.00,1455.00,1485.00,1173.00,1296.00,1449.00,963.00,1140.00,1350.00,1473.00,1488.00,1509.00,1533.00,1533.00,1533.00,1533.00
TN266,1074.00,1074.00,1074.00,1074.00,1269.00,1377.00,1401.00,1485.00,1602.00,1398.00,1482.00,1614.00,1797.00,1818.00,1407.00,1575.00,1791.00,1374.00,1404.00,1653.00,1809.00,1821.00,1827.00,1857.00,1857.00,1857.00,1857.00
TN267,1038.00,1038.00,1038.00,1038.00,1128.00,1185.00,1272.00,1398.00,1458.00,1248.00,1395.00,1464.00,1584.00,1683.00,1353.00,1446.00,1557.00,1182.00,1326.00,1485.00,1662.00,1722.00,1815.00,1845.00,1845.00,1845.00,1845.00
TN268,1371.00,1371.00,1371.00,1371.00,1551.00,1653.00,1743.00,1860.00,1893.00,1719.00,1857.00,1899.00,1962.00,1971.00,1824.00,1887.00,1959.00,1650.00,1800.00,1914.00,1965.00,1974.00,1977.00,1989.00,1989.00,1989.00,1989.00
TN269,1440.00,1440.00,1440.00,1440.00,1725.00,1878.00,1905.00,1953.00,1995.00,1902.00,1950.00,2001.00,2073.00,2088.00,1917.00,1986.00,2070.00,1875.00,1914.00,2016.00,2079.00,2091.00,2094.00,2127.00,2127.00,2127.00,2127.00
TN353,870.00,870.00,870.00,870.00,903.00,951.00,993.00,1077.00,1146.00,972.00,1074.00,1152.00,1278.00,1359.00,1023.00,1131.00,1263.00,930.00,1011.00,1179.00,1356.00,1566.00,1578.00,1590.00,1590.00,1590.00,1590.00
TX270,891.00,891.00,891.00,891.00,984.00,1131.00,1170.00,1296.00,1374.00,1146.00,1293.00,1383.00,1518.00,1569.00,1236.00,1359.00,1506.00,1041.00,1206.00,1410.00,1557.00,1584.00,1629.00,1653.00,1653.00,1653.00,1653.00
TX272,1431.00,1431.00,1431.00,1431.00,1656.00,1923.00,2046.00,2178.00,2298.00,1938.00,2133.00,2316.00,2601.00,2766.00,2073.00,2265.00,2559.00,1782.00,2049.00,2370.00,2736.00,2835.00,2997.00,3051.00,3051.00,3051.00,3051.00
TX273,1065.00,1065.00,1065.00,1065.00,1221.00,1317.00,1422.00,1557.00,1593.00,1389.00,1554.00,1599.00,1674.00,1716.00,1524.00,1587.00,1662.00,1308.00,1491.00,1614.00,1704.00,1791.00,1806.00,1818.00,1818.00,1818.00,1818.00
TX274,1077.00,1077.00,1077.00,1077.00,1254.00,1353.00,1410.00,1494.00,1515.00,1401.00,1491.00,1518.00,1575.00,1626.00,1467.00,1509.00,1560.00,1350.00,1452.00,1527.00,1611.00,1653.00,1686.00,1713.00,1713.00,1713.00,1713.00
TX275,1122.00,1122.00,1122.00,1122.00,1263.00,1398.00,1497.00,1686.00,1749.00,1446.00,1683.00,1758.00,1875.00,1929.00,1632.00,1737.00,1860.00,1344.00,1587.00,1782.00,1917.00,1953.00,1995.00,2028.00,2028.00,2028.00,2028.00
TX277,1302.00,1302.00,1302.00,1302.00,1449.00,1932.00,1947.00,2061.00,2256.00,1944.00,2058.00,2277.00,2574.00,2580.00,1953.00,2214.00,2571.00,1539.00,1950.00,2343.00,2577.00,2583.00,2586.00,2613.00,2613.00,2613.00,2613.00
TX278,810.00,810.00,810.00,810.00,921.00,1137.00,1182.00,1290.00,1374.00,1149.00,1287.00,1383.00,1527.00,1587.00,1227.00,1356.00,1512.00,951.00,1185.00,1413.00,1572.00,1605.00,1656.00,1683.00,1683.00,1683.00,1683.00
TX279,987.00,987.00,987.00,987.00,1110.00,1185.00,1254.00,1365.00,1422.00,1236.00,1362.00,1428.00,1524.00,1530.00,1320.00,1410.00,1521.00,1182.00,1299.00,1449.00,1527.00,1533.00,1536.00,1542.00,1542.00,1542.00,1542.00
TX281,924.00,924.00,924.00,924.00,1056.00,1176.00,1218.00,1272.00,1383.00,1188.00,1269.00,1395.00,1578.00,1635.00,1227.00,1359.00,1563.00,1128.00,1221.00,1431.00,1620.00,1683.00,1698.00,1728.00,1728.00,1728.00,1728.00
TX282,1203.00,1203.00,1203.00,1203.00,1410.00,1536.00,1605.00,1731.00,1809.00,1590.00,1728.00,1818.00,1947.00,1959.00,1671.00,1791.00,1941.00,1533.00,1650.00,1845.00,1950.00,1962.00,1965.00,1992.00,1992.00,1992.00,1992.00
TX283,846.00,846.00,846.00,846.00,912.00,1185.00,1200.00,1212.00,1335.00,1197.00,1209.00,1350.00,1578.00,1584.00,1206.00,1302.00,1575.00,954.00,1203.00,1401.00,1581.00,1587.00,1590.00,1596.00,1596.00,1596.00,1596.00
TX284,888.00,888.00,888.00,888.00,993.00,1194.00,1239.00,1380.00,1458.00,1209.00,1377.00,1467.00,1605.00,1662.00,1323.00,1443.00,1590.00,1038.00,1278.00,1494.00,1647.00,1683.00,1734.00,1761.00,1761.00,1761.00,1761.00
TX285,1239.00,1239.00,1239.00,1239.00,1434.00,1548.00,1659.00,1773.00,1779.00,1623.00,1770.00,1782.00,1791.00,1797.00,1761.00,1776.00,1788.00,1542.00,1728.00,1785.00,1794.00,1800.00,1803.00,1806.00,1806.00,1806.00,1806.00
TX286,945.00,945.00,945.00,945.00,1065.00,1137.00,1155.00,1179.00,1224.00,1152.00,1176.00,1230.00,1329.00,1428.00,1161.00,1215.00,1305.00,1134.00,1158.00,1248.00,1410.00,1467.00,1560.00,1584.00,1584.00,1584.00,1584.00
TX288,810.00,810.00,810.00,810.00,936.00,1011.00,1050.00,1146.00,1275.00,1038.00,1107.00,1278.00,1323.00,1464.00,1068.00,1188.00,1320.00,1008.00,1056.00,1281.00,1461.00,1644.00,1659.00,1671.00,1671.00,1671.00,1671.00
TX356,1269.00,1269.00,1269.00,1269.00,1425.00,1515.00,1587.00,1692.00,1734.00,1569.00,1689.00,1740.00,1827.00,1878.00,1653.00,1725.00,1812.00,1512.00,1632.00,1758.00,1863.00,1893.00,1935.00,1968.00,1968.00,1968.00,1968.00
TX415,954.00,954.00,954.00,954.00,1092.00,1173.00,1221.00,1302.00,1338.00,1212.00,1299.00,1341.00,1437.00,1560.00,1266.00,1329.00,1407.00,1170.00,1254.00,1356.00,1536.00,1611.00,1725.00,1755.00,1755.00,1755.00,1755.00
UT291,1203.00,1203.00,1203.00,1203.00,1335.00,1419.00,1512.00,1608.00,1614.00,1485.00,1605.00,1617.00,1626.00,1689.00,1599.00,1611.00,1623.00,1413.00,1572.00,1620.00,1674.00,1710.00,1764.00,1794.00,1794.00,1794.00,1794.00
UT292,1143.00,1143.00,1143.00,1143.00,1272.00,1353.00,1455.00,1581.00,1602.00,1425.00,1578.00,1605.00,1686.00,1827.00,1554.00,1599.00,1650.00,1347.00,1521.00,1617.00,1800.00,1884.00,2019.00,2055.00,2055.00,2055.00,2055.00
UT357,1314.00,1314.00,1314.00,1314.00,1347.00,1383.00,1497.00,1617.00,1623.00,1461.00,1614.00,1626.00,1635.00,1695.00,1608.00,1620.00,1632.00,1377.00,1572.00,1629.00,1680.00,1713.00,1767.00,1797.00,1797.00,1797.00,1797.00
VA295,1419.00,1419.00,1419.00,1419.00,1554.00,1638.00,1743.00,1908.00,1986.00,1710.00,1905.00,1995.00,2157.00,2310.00,1848.00,1968.00,2118.00,1629.00,1815.00,2022.00,2283.00,2376.00,2526.00,2571.00,2571.00,2571.00,2571.00
VA296,1551.00,1551.00,1551.00,1551.00,1650.00,1713.00,1758.00,1818.00,1824.00,1752.00,1815.00,1827.00,1863.00,1998.00,1806.00,1821.00,1833.00,1710.00,1791.00,1830.00,1974.00,2055.00,2184.00,2223.00,2223.00,2223.00,2223.00
VA297,1170.00,1170.00,1170.00,1170.00,1335.00,1428.00,1473.00,1533.00,1539.00,1467.00,1530.00,1542.00,1557.00,1569.00,1518.00,1536.00,1554.00,1425.00,1506.00,1545.00,1560.00,1644.00,1656.00,1668.00,1668.00,1668.00,1668.00
VA298,1365.00,1365.00,1365.00,1365.00,1602.00,1731.00,1746.00,1770.00,1809.00,1743.00,1767.00,1815.00,1890.00,1935.00,1752.00,1800.00,1878.00,1728.00,1749.00,1830.00,1923.00,1947.00,1986.00,2019.00,2019.00,2019.00,2019.00
VA301,1131.00,1131.00,1131.00,1131.00,1305.00,1404.00,1422.00,1473.00,1551.00,1419.00,1470.00,1560.00,1686.00,1695.00,1428.00,1533.00,1683.00,1401.00,1425.00,1587.00,1689.00,1698.00,1701.00,1707.00,1707.00,1707.00,1707.00
VA302,1653.00,1653.00,1653.00,1653.00,1887.00,2022.00,2154.00,2310.00,2328.00,2109.00,2307.00,2331.00,2379.00,2418.00,2286.00,2325.00,2370.00,2010.00,2241.00,2340.00,2406.00,2424.00,2454.00,2496.00,2496.00,2496.00,2496.00
VA303,906.00,906.00,906.00,906.00,987.00,1083.00,1098.00,1170.00,1272.00,1095.00,1167.00,1284.00,1443.00,1452.00,1104.00,1251.00,1440.00,1035.00,1101.00,1317.00,1446.00,1455.00,1458.00,1467.00,1467.00,1467.00,1467.00
VA362,987.00,987.00,987.00,987.00,1089.00,1155.00,1260.00,1401.00,1446.00,1227.00,1398.00,1452.00,1548.00,1629.00,1362.00,1437.00,1527.00,1146.00,1329.00,1470.00,1611.00,1659.00,1734.00,1761.00,1761.00,1761.00,1761.00
VA368,1470.00,1470.00,1470.00,1470.00,1617.00,1704.00,1767.00,1854.00,1875.00,1755.00,1851.00,1878.00,1926.00,1941.00,1827.00,1872.00,1920.00,1701.00,1809.00,1890.00,1932.00,1944.00,1947.00,1974.00,1974.00,1974.00,1974.00
VT305,1545.00,1545.00,1545.00,1545.00,1698.00,1905.00,1989.00,2109.00,2271.00,1917.00,2106.00,2289.00,2565.00,2679.00,2010.00,2238.00,2535.00,1782.00,1992.00,2343.00,2655.00,2724.00,2832.00,2883.00,2883.00,2883.00,2883.00
WA306,1500.00,1500.00,1500.00,1500.00,1647.00,1731.00,1812.00,1944.00,2010.00,1791.00,1941.00,2016.00,2145.00,2223.00,1890.00,1995.00,2124.00,1728.00,1866.00,2043.00,2205.00,2250.00,2322.00,2361.00,2361.00,2361.00,2361.00
WA307,1695.00,1695.00,1695.00,1695.00,1878.00,1992.00,2142.00,2319.00,2355.00,2088.00,2316.00,2358.00,2436.00,2493.00,2286.00,2346.00,2418.00,1977.00,2238.00,2373.00,2478.00,2514.00,2565.00,2610.00,2610.00,2610.00,2610.00
WA308,1059.00,1059.00,1059.00,1059.00,1188.00,1329.00,1419.00,1599.00,1662.00,1371.00,1596.00,1668.00,1791.00,1875.00,1548.00,1647.00,1770.00,1272.00,1506.00,1692.00,1857.00,1908.00,1986.00,2019.00,2019.00,2019.00,2019.00
WA309,1905.00,1905.00,1905.00,1905.00,2184.00,2409.00,2517.00,2790.00,2952.00,2454.00,2787.00,2967.00,3222.00,3255.00,2679.00,2916.00,3210.00,2334.00,2625.00,3021.00,3246.00,3264.00,3291.00,3351.00,3351.00,3351.00,3351.00
WA310,957.00,957.00,957.00,957.00,1077.00,1239.00,1305.00,1485.00,1545.00,1251.00,1482.00,1551.00,1671.00,1761.00,1437.00,1533.00,1647.00,1110.00,1386.00,1575.00,1740.00,1794.00,1878.00,1908.00,1908.00,1908.00,1908.00
WA311,1518.00,1518.00,1518.00,1518.00,1695.00,1800.00,1914.00,2064.00,2115.00,1878.00,2061.00,2121.00,2220.00,2277.00,2022.00,2106.00,2205.00,1791.00,1986.00,2142.00,2262.00,2295.00,2346.00,2385.00,2385.00,2385.00,2385.00
WA312,1128.00,1128.00,1128.00,1128.00,1281.00,1395.00,1449.00,1557.00,1668.00,1413.00,1554.00,1680.00,1875.00,1947.00,1476.00,1644.00,1857.00,1365.00,1461.00,1722.00,1929.00,1971.00,2037.00,2070.00,2070.00,2070.00,2070.00
WA313,918.00,918.00,918.00,918.00,1032.00,1266.00,1347.00,1443.00,1536.00,1281.00,1440.00,1545.00,1716.00,1821.00,1377.00,1515.00,1686.00,1071.00,1350.00,1578.00,1800.00,1866.00,1968.00,2001.00,2001.00,2001.00,2001.00
WI316,1191.00,1191.00,1191.00,1191.00,1323.00,1455.00,1593.00,1743.00,1791.00,1545.00,1740.00,1794.00,1815.00,2034.00,1728.00,1746.00,1800.00,1443.00,1683.00,1797.00,1998.00,2133.00,2352.00,2391.00,2391.00,2391.00,2391.00
WI317,1437.00,1437.00,1437.00,1437.00,1635.00,1767.00,1923.00,2091.00,2097.00,1866.00,2088.00,2100.00,2109.00,2115.00,2079.00,2094.00,2106.00,1752.00,2028.00,2103.00,2112.00,2121.00,2139.00,2157.00,2157.00,2157.00,2157.00
WI318,942.00,942.00,942.00,942.00,1071.00,1146.00,1182.00,1260.00,1320.00,1179.00,1257.00,1326.00,1428.00,1461.00,1212.00,1305.00,1419.00,1143.00,1206.00,1347.00,1452.00,1470.00,1494.00,1518.00,1518.00,1518.00,1518.00
WI359,750.00,750.00,750.00,750.00,813.00,1011.00,1026.00,1134.00,1212.00,1023.00,1131.00,1221.00,1347.00,1368.00,1074.00,1194.00,1344.00,852.00,1041.00,1248.00,1359.00,1371.00,1377.00,1398.00,1398.00,1398.00,1398.00
WV320,939.00,939.00,939.00,939.00,1050.00,1167.00,1257.00,1434.00,1476.00,1206.00,1431.00,1482.00,1560.00,1596.00,1398.00,1467.00,1551.00,1098.00,1350.00,1497.00,1584.00,1602.00,1629.00,1656.00,1656.00,1656.00,1656.00
WV322,999.00,999.00,999.00,999.00,1143.00,1224.00,1281.00,1380.00,1428.00,1272.00,1377.00,1431.00,1527.00,1590.00,1338.00,1416.00,1512.00,1221.00,1323.00,1452.00,1575.00,1611.00,1668.00,1695.00,1695.00,1695.00,1695.00
WV323,777.00,777.00,777.00,777.00,834.00,879.00,987.00,1113.00,1131.00,954.00,1110.00,1134.00,1170.00,1176.00,1092.00,1128.00,1167.00,873.00,1056.00,1140.00,1173.00,1179.00,1182.00,1185.00,1185.00,1185.00,1185.00
WV454,1119.00,1119.00,1119.00,1119.00,1248.00,1332.00,1452.00,1584.00,1593.00,1413.00,1581.00,1596.00,1638.00,1749.00,1569.00,1590.00,1611.00,1323.00,1530.00,1599.00,1728.00,1794.00,1899.00,1929.00,1929.00,1929.00,1929.00
WY324,780.00,780.00,780.00,780.00,894.00,1134.00,1203.00,1278.00,1353.00,1149.00,1257.00,1362.00,1533.00,1626.00,1221.00,1332.00,1509.00,924.00,1206.00,1395.00,1605.00,1662.00,1746.00,1776.00,1776.00,1776.00,1776.00
ZZ510,798.00,798.00,798.00,798.00,885.00,957.00,1014.00,1125.00,1179.00,996.00,1122.00,1185.00,1287.00,1338.00,1083.00,1167.00,1272.00,939.00,1062.00,1206.00,1323.00,1353.00,1398.00,1419.00,1419.00,1419.00,1419.00
ZZ520,804.00,804.00,804.00,804.00,891.00,963.00,1020.00,1134.00,1188.00,1005.00,1131.00,1194.00,1293.00,1347.00,1089.00,1176.00,1281.00,945.00,1068.00,1215.00,1332.00,1362.00,1407.00,1428.00,1428.00,1428.00,1428.00
ZZ530,810.00,810.00,810.00,810.00,900.00,972.00,1029.00,1143.00,1197.00,1011.00,1140.00,1203.00,1302.00,1356.00,1098.00,1185.00,1290.00,954.00,1077.00,1221.00,1341.00,1371.00,1416.00,1437.00,1437.00,1437.00,1437.00
ZZ540,816.00,816.00,816.00,816.00,906.00,978.00,1038.00,1152.00,1203.00,1020.00,1149.00,1212.00,1311.00,1365.00,1107.00,1194.00,1299.00,960.00,1086.00,1230.00,1350.00,1380.00,1425.00,1446.00,1446.00,1446.00,1446.00
ZZ550,822.00,822.00,822.00,822.00,912.00,984.00,1044.00,1161.00,1212.00,1026.00,1158.00,1218.00,1320.00,1374.00,1116.00,1203.00,1308.00,969.00,1092.00,1239.00,1359.00,1389.00,1434.00,1455.00,1455.00,1455.00,1455.00
ZZ560,828.00,828.00,828.00,828.00,918.00,990.00,1053.00,1167.00,1221.00,1035.00,1164.00,1227.00,1329.00,1383.00,1122.00,1209.00,1314.00,975.00,1101.00,1248.00,1368.00,1398.00,1443.00,1464.00,1464.00,1464.00,1464.00
ZZ570,834.00,834.00,834.00,834.00,924.00,996.00,1059.00,1176.00,1227.00,1041.00,1173.00,1236.00,1338.00,1389.00,1131.00,1218.00,1323.00,981.00,1107.00,1254.00,1377.00,1404.00,1449.00,1473.00,1473.00,1473.00,1473.00
ZZ580,840.00,840.00,840.00,840.00,933.00,1002.00,1065.00,1182.00,1236.00,1047.00,1179.00,1242.00,1344.00,1398.00,1137.00,1224.00,1332.00,987.00,1116.00,1263.00,1383.00,1413.00,1458.00,1482.00,1482.00,1482.00,1482.00
ZZ590,843.00,843.00,843.00,843.00,936.00,1008.00,1071.00,1188.00,1242.00,1053.00,1185.00,1248.00,1353.00,1404.00,1143.00,1233.00,1338.00,993.00,1122.00,1269.00,1392.00,1422.00,1467.00,1488.00,1488.00,1488.00,1488.00
ZZ600,849.00,849.00,849.00,849.00,942.00,1011.00,1077.00,1194.00,1248.00,1059.00,1191.00,1254.00,1359.00,1410.00,1149.00,1239.00,1344.00,999.00,1128.00,1275.00,1398.00,1428.00,1473.00,1497.00,1497.00,1497.00,1497.00
ZZ610,855.00,855.00,855.00,855.00,948.00,1017.00,1086.00,1203.00,1257.00,1068.00,1200.00,1263.00,1368.00,1419.00,1158.00,1245.00,1353.00,1005.00,1137.00,1284.00,1407.00,1437.00,1482.00,1506.00,1506.00,1506.00,1506.00
ZZ620,861.00,861.00,861.00,861.00,957.00,1026.00,1092.00,1212.00,1266.00,1074.00,1209.00,1272.00,1377.00,1428.00,1167.00,1254.00,1362.00,1014.00,1143.00,1293.00,1416.00,1446.00,1491.00,1515.00,1515.00,1515.00,1515.00
ZZ630,867.00,867.00,867.00,867.00,963.00,1032.00,1101.00,1221.00,1275.00,1083.00,1218.00,1281.00,1386.00,1440.00,1176.00,1263.00,1371.00,1023.00,1152.00,1302.00,1425.00,1455.00,1500.00,1524.00,1524.00,1524.00,1524.00
ZZ640,873.00,873.00,873.00,873.00,972.00,1038.00,1110.00,1230.00,1284.00,1092.00,1227.00,1290.00,1395.00,1449.00,1185.00,1272.00,1380.00,1029.00,1161.00,1311.00,1434.00,1464.00,1509.00,1533.00,1533.00,1533.00,1533.00
ZZ650,879.00,879.00,879.00,879.00,978.00,1047.00,1119.00,1239.00,1293.00,1098.00,1236.00,1299.00,1404.00,1458.00,1194.00,1281.00,1392.00,1038.00,1170.00,1320.00,1443.00,1473.00,1521.00,1545.00,1545.00,1545.00,1545.00
ZZ660,888.00,888.00,888.00,888.00,987.00,1053.00,1128.00,1248.00,1305.00,1107.00,1245.00,1311.00,1416.00,1467.00,1203.00,1293.00,1401.00,1047.00,1179.00,1332.00,1455.00,1485.00,1530.00,1554.00,1554.00,1554.00,1554.00
ZZ670,894.00,894.00,894.00,894.00,993.00,1062.00,1137.00,1257.00,1314.00,1116.00,1254.00,1320.00,1425.00,1479.00,1212.00,1302.00,1410.00,1053.00,1188.00,1341.00,1464.00,1494.00,1539.00,1566.00,1566.00,1566.00,1566.00
ZZ680,900.00,900.00,900.00,900.00,1002.00,1068.00,1146.00,1266.00,1323.00,1125.00,1263.00,1329.00,1434.00,1488.00,1221.00,1311.00,1419.00,1062.00,1197.00,1350.00,1473.00,1503.00,1551.00,1575.00,1575.00,1575.00,1575.00
ZZ690,906.00,906.00,906.00,906.00,1008.00,1074.00,1152.00,1275.00,1329.00,1131.00,1272.00,1335.00,1443.00,1497.00,1227.00,1317.00,1428.00,1068.00,1203.00,1359.00,1482.00,1512.00,1557.00,1584.00,1584.00,1584.00,1584.00
ZZ700,909.00,909.00,909.00,909.00,1014.00,1080.00,1158.00,1281.00,1335.00,1137.00,1278.00,1344.00,1449.00,1503.00,1233.00,1323.00,1434.00,1074.00,1209.00,1365.00,1488.00,1518.00,1566.00,1590.00,1590.00,1590.00,1590.00
ZZ710,915.00,915.00,915.00,915.00,1020.00,1086.00,1164.00,1287.00,1344.00,1143.00,1284.00,1350.00,1455.00,1509.00,1242.00,1332.00,1443.00,1080.00,1218.00,1371.00,1497.00,1527.00,1572.00,1599.00,1599.00,1599.00,1599.00
ZZ720,924.00,924.00,924.00,924.00,1029.00,1092.00,1173.00,1299.00,1353.00,1152.00,1296.00,1362.00,1467.00,1521.00,1251.00,1341.00,1452.00,1089.00,1227.00,1383.00,1506.00,1539.00,1584.00,1611.00,1611.00,1611.00,1611.00
ZZ730,933.00,933.00,933.00,933.00,1038.00,1104.00,1185.00,1308.00,1365.00,1164.00,1305.00,1371.00,1479.00,1533.00,1263.00,1353.00,1464.00,1098.00,1239.00,1395.00,1518.00,1551.00,1596.00,1623.00,1623.00,1623.00,1623.00
ZZ740,942.00,942.00,942.00,942.00,1050.00,1116.00,1200.00,1323.00,1380.00,1176.00,1320.00,1389.00,1494.00,1548.00,1278.00,1368.00,1482.00,1113.00,1254.00,1410.00,1536.00,1566.00,1614.00,1638.00,1638.00,1638.00,1638.00
ZZ750,960.00,960.00,960.00,960.00,1071.00,1140.00,1224.00,1350.00,1407.00,1200.00,1347.00,1413.00,1521.00,1578.00,1302.00,1395.00,1509.00,1137.00,1278.00,1437.00,1563.00,1593.00,1641.00,1668.00,1668.00,1668.00,1668.00
ZZ760,978.00,978.00,978.00,978.00,1092.00,1161.00,1245.00,1374.00,1431.00,1224.00,1371.00,1440.00,1548.00,1602.00,1326.00,1419.00,1533.00,1158.00,1302.00,1461.00,1587.00,1620.00,1668.00,1695.00,1695.00,1695.00,1695.00
ZZ770,999.00,999.00,999.00,999.00,1113.00,1185.00,1269.00,1401.00,1458.00,1248.00,1398.00,1464.00,1575.00,1629.00,1353.00,1446.00,1560.00,1179.00,1326.00,1488.00,1617.00,1647.00,1695.00,1722.00,1722.00,1722.00,1722.00
ZZ780,1020.00,1020.00,1020.00,1020.00,1140.00,1212.00,1299.00,1431.00,1491.00,1275.00,1428.00,1497.00,1608.00,1665.00,1383.00,1479.00,1593.00,1206.00,1356.00,1521.00,1650.00,1680.00,1728.00,1758.00,1758.00,1758.00,1758.00
ZZ790,1038.00,1038.00,1038.00,1038.00,1161.00,1233.00,1323.00,1458.00,1515.00,1299.00,1455.00,1524.00,1635.00,1689.00,1407.00,1503.00,1620.00,1230.00,1380.00,1545.00,1677.00,1707.00,1755.00,1785.00,1785.00,1785.00,1785.00
ZZ800,1065.00,1065.00,1065.00,1065.00,1191.00,1266.00,1359.00,1494.00,1554.00,1332.00,1491.00,1560.00,1674.00,1731.00,1446.00,1542.00,1659.00,1263.00,1416.00,1584.00,1716.00,1749.00,1797.00,1827.00,1827.00,1827.00,1827.00
ZZ810,1092.00,1092.00,1092.00,1092.00,1221.00,1299.00,1392.00,1530.00,1590.00,1365.00,1527.00,1599.00,1713.00,1770.00,1482.00,1578.00,1698.00,1293.00,1452.00,1620.00,1755.00,1788.00,1836.00,1866.00,1866.00,1866.00,1866.00
ZZ820,1128.00,1128.00,1128.00,1128.00,1260.00,1341.00,1437.00,1578.00,1641.00,1410.00,1575.00,1647.00,1764.00,1821.00,1530.00,1629.00,1749.00,1338.00,1500.00,1671.00,1806.00,1839.00,1887.00,1920.00,1920.00,1920.00,1920.00
ZZ830,1170.00,1170.00,1170.00,1170.00,1308.00,1392.00,1491.00,1635.00,1698.00,1461.00,1632.00,1707.00,1824.00,1881.00,1584.00,1686.00,1809.00,1386.00,1554.00,1728.00,1866.00,1899.00,1950.00,1983.00,1983.00,1983.00,1983.00
ZZ840,1206.00,1206.00,1206.00,1206.00,1350.00,1437.00,1539.00,1686.00,1752.00,1509.00,1683.00,1758.00,1878.00,1935.00,1635.00,1737.00,1863.00,1431.00,1605.00,1782.00,1923.00,1956.00,2007.00,2040.00,2040.00,2040.00,2040.00
ZZ850,1257.00,1257.00,1257.00,1257.00,1407.00,1500.00,1602.00,1755.00,1821.00,1572.00,1752.00,1827.00,1950.00,2007.00,1704.00,1806.00,1935.00,1491.00,1671.00,1851.00,1995.00,2028.00,2079.00,2115.00,2115.00,2115.00,2115.00
ZZ860,1305.00,1305.00,1305.00,1305.00,1464.00,1560.00,1665.00,1821.00,1890.00,1632.00,1818.00,1896.00,2022.00,2079.00,1770.00,1875.00,2004.00,1551.00,1737.00,1923.00,2067.00,2100.00,2151.00,2190.00,2190.00,2190.00,2190.00
ZZ870,1374.00,1374.00,1374.00,1374.00,1542.00,1641.00,1755.00,1917.00,1986.00,1719.00,1914.00,1992.00,2121.00,2181.00,1863.00,1971.00,2103.00,1635.00,1827.00,2019.00,2166.00,2202.00,2253.00,2292.00,2292.00,2292.00,2292.00
ZZ880,1455.00,1455.00,1455.00,1455.00,1635.00,1743.00,1860.00,2028.00,2100.00,1821.00,2025.00,2109.00,2238.00,2301.00,1974.00,2085.00,2223.00,1734.00,1935.00,2133.00,2286.00,2322.00,2376.00,2418.00,2418.00,2418.00,2418.00
ZZ890,1668.00,1668.00,1668.00,1668.00,1875.00,2001.00,2133.00,2319.00,2397.00,2088.00,2316.00,2406.00,2547.00,2610.00,2262.00,2382.00,2529.00,1989.00,2217.00,2433.00,2595.00,2634.00,2691.00,2739.00,2739.00,2739.00,2739.00
